2930
5691
4415
9872
2761
3841
3610
337
2598
3441
94
6780
926
9396
4810
1788
2159
4805
7984
4014
8826
7213
1083
2154
2187
341
2546
5337
6653
9219
5860
8451
654
9478
7594
5376
6691
8956
9460
9294
762
6880
1007
7937
1766
1490
4407
3412
8458
1926
6426
9540
7714
6236
8745
9414
9999
5845
6087
6220
846
7318
9297
8775
6012
4128
3803
7871
7896
7311
7003
129
8112
9552
1831
383
7792
6322
6268
8065
9753
6673
1476
1794
9991
5076
6991
3979
7661
1343
2818
5363
2574
2203
6329
450
7536
259
8269
4295
1022
6832
6655
2876
4909
2104
5635
1408
9727
7333
8644
2657
4729
9614
2308
6466
326
5599
5027
1061
7975
5086
8834
4690
9499
3982
1440
9654
6514
3735
5413
7392
6323
759
5047
6462
5465
7030
4207
5374
6295
4171
2237
1801
9541
4645
1643
1117
9842
7841
7775
6
4911
91
9029
5024
3215
5978
1007
6452
7484
1739
4875
7653
4676
6138
7621
7691
6416
9972
7183
8558
4620
4077
138
9823
5590
6789
277
6112
5331
2558
166
8129
5145
4174
3813
2459
4070
9664
9908
2865
6068
6307
7344
7355
7363
8509
7902
1213
6538
9205
6148
7481
7583
3466
911
6028
1511
9237
920
1154
8354
6934
5041
725
1504
3298
9292
4685
6183
4655
4371
3707
835
9497
5246
8703
7468
647
9270
3595
2214
1925
5194
1727
3035
8728
320
5220
6997
7019
9475
8250
4492
8464
8930
3078
6183
7223
7783
6801
8040
2883
2901
4378
3337
7950
3074
6046
5294
9440
1883
1875
3036
3928
8843
6493
8480
2424
7134
6535
9275
8210
952
2262
4222
7404
908
1690
6576
4859
395
6829
1675
4949
3525
7750
8577
6008
7294
5267
7815
3638
1403
9446
9231
80
4355
422
1431
3514
9935
8097
1821
1047
3905
2441
3985
9045
5538
8750
3510
4990
3491
2721
1282
8068
2433
885
2896
1840
4945
4494
5314
1071
8201
6461
7011
1230
3946
1518
5364
6893
672
7882
4709
3805
3146
761
9444
5958
9140
290
3197
2786
1508
6142
1764
3917
1676
3915
5188
666
545
2498
9277
6029
514
2715
8759
8987
6639
3097
512
1937
5963
9984
8999
8610
3823
4583
5085
3110
528
2493
7547
7464
38
7634
3733
1961
9977
9673
537
720
5654
7212
2398
4076
9796
2650
9455
7408
9715
377
1119
7532
4255
3285
3162
4923
1750
3016
5975
6559
6160
2539
4806
6902
2579
9643
5349
5985
2776
8260
7396
2490
4116
6760
6414
3541
7999
7438
155
1939
8931
7952
6811
3284
3116
7430
9397
5283
6038
6296
5726
7507
5398
4214
9938
9364
5245
9576
517
1605
5022
6438
2236
1216
9948
5866
7883
6835
6717
7112
1376
572
826
8614
8450
656
9312
6948
6035
8340
9415
8234
302
9708
8068
3977
1822
4872
4165
7303
8011
3519
6469
8210
26
7257
7637
1297
1768
7543
1374
8570
4734
1638
7967
8975
1727
8932
1536
5665
7080
1271
4435
3489
1474
6858
3747
415
3418
4525
331
165
6735
7748
6507
2347
1479
7201
5919
4272
1113
8154
4908
4458
4238
6348
8729
1244
7423
5231
4794
1901
5410
8066
9664
87
9740
2429
3651
5494
8288
178
3992
9339
5160
491
8085
1552
7885
9421
1087
4356
3954
3968
4484
9390
7407
932
2671
7463
8632
4413
2082
6219
6063
8599
4893
1187
7149
439
6250
7792
1273
9695
4767
3538
8276
703
9171
4066
5768
9154
308
2776
5454
6096
180
3435
5023
3355
3356
5137
1523
9661
1623
7434
7506
6333
5109
858
3288
3720
1367
6419
5499
5326
1260
6307
9848
7494
7705
7336
2036
1283
5194
2121
8863
4443
5420
5271
9540
7506
5279
9513
7118
2062
3449
2240
1654
7001
2704
1577
132
4258
108
1873
2899
3494
8454
3677
4844
2634
8581
7109
1530
9551
4235
2584
9481
9802
448
8330
257
7421
1672
5574
6521
4524
3129
3599
7095
7123
9486
6307
4558
9699
4945
8741
3541
3222
5590
4593
8881
5287
8375
9559
6704
1600
5570
630
7770
3397
972
1058
8839
5855
2599
8682
9801
7276
1566
2620
1507
988
1462
993
7367
7809
2112
2696
5344
8110
93
5737
4540
4146
9209
1929
9096
1986
2878
4591
818
4285
7644
1922
1010
6870
1473
5189
233
6620
4177
5870
7438
4248
9889
1498
6894
9420
4091
2260
9979
2344
4326
8755
1779
6615
9978
7436
2101
2234
7654
4557
9799
3330
4000
4719
3119
2394
7995
7685
4063
6947
5818
5107
5513
3086
2970
8885
1020
389
2952
5789
1182
2092
7389
6319
769
8862
2330
6396
8700
305
4848
6439
2298
9214
8278
9810
2977
4197
3200
9645
1087
1070
689
3142
4679
3585
1071
6165
5596
626
9389
9729
2800
5737
2714
8548
4068
5158
2668
6514
6413
1711
4401
9818
190
182
48
8863
4987
9116
2108
9809
822
7569
3799
1429
5073
7873
6282
6851
1671
9383
7034
516
3061
346
3237
354
6517
9745
5373
1990
503
9710
610
8536
4021
2478
4508
1214
7547
8208
9029
4527
8450
6341
4377
5499
897
2458
113
8860
4564
9884
4600
209
6531
8640
6429
8668
5531
7726
3197
5890
7697
7080
3812
4961
7475
9742
1532
7720
823
2740
7197
4458
7910
3496
8193
7336
1381
7786
8730
9608
6401
8139
6088
444
87
1548
4221
9836
7272
2135
5695
9605
1390
2349
4619
4196
5815
7694
908
953
5765
9692
8276
137
2393
2883
9366
6135
9968
9223
9009
4227
7235
1524
9893
2195
621
6605
2069
4429
9941
7380
9687
3843
216
9496
9365
3386
9414
2656
4419
8514
1627
6110
2579
3976
2751
2033
4544
4096
3196
1779
4380
4380
3060
5413
3701
7007
7819
2558
8267
580
6648
1765
664
3774
4650
6178
5076
9596
1641
6571
8845
5488
6795
2068
1216
2304
1021
7255
5533
2377
7623
6362
6841
9655
3278
668
8033
5973
8992
7880
6938
5399
232
5770
3330
8179
6752
2900
9896
9594
2549
104
7999
8360
4708
9786
1310
1220
7425
2502
6197
1468
936
9048
8759
5249
6086
6733
5084
3847
7506
2952
4192
9833
4730
3925
4620
385
607
7431
9119
3094
2781
1898
2042
5641
692
4988
6429
8128
2816
8072
2488
3577
2799
4598
8061
9871
8679
3341
7158
6594
9106
8872
6096
8090
8539
7974
8687
6651
3317
4425
4050
3245
2452
5492
5392
6713
2073
1108
4617
8333
3143
7548
5440
6793
3405
5573
3786
7561
9547
2493
6682
2049
3927
9398
4656
918
5896
9647
8749
7334
1232
5304
9026
7648
6141
2225
3101
5289
5383
5560
155
6560
9342
2279
8387
4091
8814
6384
1380
2292
1704
3493
7553
9531
7880
1350
2681
6151
5165
4314
1087
2897
5658
9130
9552
6803
4206
2736
4846
4471
4522
134
3938
812
7348
3986
4617
9426
1183
1883
1956
1144
8565
8459
7651
4135
2191
1730
9427
3530
1514
8076
9376
6144
3519
1683
6457
3236
9754
6452
2256
9171
3227
2954
600
4345
1936
7873
5167
8862
6062
2519
5410
3233
4548
62
1521
5153
4431
3348
8416
8193
5111
3284
1593
2546
2903
5975
7886
2353
707
4155
8679
8798
3793
6542
6899
147
5747
9468
3126
9293
3805
1823
4671
7161
6940
2089
3871
8516
2150
4091
7010
6121
5646
4932
1291
5732
3301
6557
894
4341
1613
193
2330
5927
1665
2612
44
4870
7143
1906
8490
6286
6181
9097
1817
322
1054
8373
1106
157
158
4687
4594
5206
675
3556
6106
5596
5185
9464
6266
7060
3303
2870
9311
2
4717
4315
8754
3243
2858
3064
7333
3060
2530
8589
2500
6727
4273
3749
8589
6677
18
6007
5047
6608
6215
9494
4319
6380
4877
4586
8922
7990
8019
4808
8736
1505
6082
1857
4285
1361
4935
1690
4054
9120
6029
5587
8804
8807
2255
946
703
9904
6333
6770
8482
6033
2937
8597
9913
5883
7138
1975
3551
8900
7496
9119
5491
3220
5432
6619
9161
4227
4296
5799
2826
3198
3678
2910
7550
9709
9874
2017
3193
6776
205
1958
3960
5546
8002
1293
269
9665
6310
2977
1084
5843
275
2635
1301
1842
3446
3773
1419
8435
924
899
1970
6985
1172
3053
3945
8940
5327
4751
2915
1993
5739
1787
5301
7154
2053
8013
5274
5426
7856
3552
1781
5941
37
1411
3500
8062
4791
7365
4036
4831
5351
7027
1866
768
5927
4781
2954
5866
2476
4807
8904
4142
9151
1342
8243
4468
4330
1126
6620
9583
7484
9031
1775
5329
5133
6250
7559
1848
5112
3395
5375
2726
1132
5760
1076
9788
7828
6860
5590
4651
4041
6273
4920
3013
8137
8430
6189
4230
8317
3311
1311
4961
9558
1385
1348
2997
1132
8780
2290
8995
2165
3748
5792
9892
1927
1800
2610
6418
2472
821
3251
3969
2204
4214
2239
2084
8620
8282
8157
5763
3139
4124
9447
9145
509
5558
3310
8052
8460
5959
5138
9859
1127
6884
3742
7956
8126
1515
4413
1555
7176
5279
8414
2306
9737
5800
4559
2473
2281
3689
519
1639
4266
4197
6597
7638
9680
9032
579
9183
8953
6303
350
5356
4097
9884
1965
9426
8646
8439
869
8600
2389
686
8247
5875
361
9242
2482
5887
5667
3064
9358
1119
2131
7903
573
8903
8460
6754
7741
5945
1418
9497
3092
9290
1639
4668
5782
3464
2369
1700
4592
9523
5440
1836
3936
6334
3939
8942
6599
1709
4833
9166
5906
4654
3685
6775
8739
6906
6152
120
5836
2244
4365
1333
8146
8409
1758
9151
8221
9967
2458
452
5699
3627
2106
2742
7252
7542
3837
3726
3838
9183
4820
4414
5949
7582
4263
1095
2760
5536
3540
4715
4669
5103
4813
2308
7087
2027
4835
934
7162
2473
3317
3537
743
9939
5837
9960
1193
8915
7718
5822
173
2016
3393
7394
6948
7758
9285
824
41
3240
7379
9081
573
4278
8348
9737
2518
5427
372
3200
1323
4007
5112
6631
8628
4814
1672
3767
5839
3672
2163
5284
4829
4555
939
835
5997
6429
8563
8402
8444
9011
6386
71
4108
9865
3576
7080
1998
8773
4329
8813
6862
3660
9657
5347
7029
5877
5355
6527
8367
7551
4881
2277
4810
6781
7935
292
2803
6382
4518
3726
1813
9000
1180
3307
1521
4767
8242
8486
2829
8861
4670
2470
4498
4896
9813
8180
4581
29
8108
5703
1436
2658
8210
9087
7353
1558
7481
9183
9759
1983
2327
3742
5365
9826
5982
2188
4187
564
7474
9410
5427
9309
5427
6471
9679
3688
9168
9129
1996
4648
9522
7115
3779
5662
5770
9478
937
3072
8476
9815
5649
6732
8520
5795
2953
385
1411
8382
485
2627
1723
2354
5593
2968
5530
8772
8655
4149
1666
2275
2262
3231
5378
7977
385
5080
5164
2347
3841
2646
2259
2618
3793
7311
4263
7709
7757
8978
7949
8340
4721
2557
68
6496
7874
8262
3756
9709
5955
2018
6589
3940
2855
12
7737
5657
3862
2068
7524
8049
3269
3741
4276
658
4385
851
1344
6714
8684
3253
1505
3981
1976
9478
4014
8317
4866
859
453
9552
4750
1984
732
3540
5832
8910
7284
8737
6256
9570
9172
4597
2574
9650
7821
2101
9850
1435
9514
4251
4673
3336
5160
4137
8585
9683
4651
6321
8049
3138
5769
393
2288
5392
4562
955
6358
6804
2745
3231
4185
1184
251
8052
9063
8563
2908
3493
4648
2217
7038
2985
7164
3496
954
152
9978
6746
9212
5234
2476
1447
932
5404
3279
4385
265
5847
4360
4945
7956
5820
9175
1527
6242
4251
7746
6938
4300
895
4853
6452
4221
6332
2198
6525
4112
314
4315
5066
3432
685
5619
7002
6476
8455
3898
7135
3982
4382
2978
5547
2823
5156
7297
7506
7598
7467
7081
5832
8572
2983
6286
1270
8215
2010
8647
2988
9495
383
5195
5845
6142
6618
3954
4888
6102
1694
4708
1677
9916
7977
2043
32
7730
1033
3210
5621
7734
1085
1802
7713
9890
8732
30
506
355
5911
4803
1624
3810
3407
6681
8441
6767
8540
9032
673
9406
159
1240
22
8807
8222
4076
4598
565
5815
2106
957
2508
9947
8205
1271
6529
3561
8974
2297
239
6344
8230
2860
8912
8619
145
3347
8230
4232
456
1075
2724
7596
2308
6146
5488
9344
9665
7187
6759
170
2580
8409
3511
7560
7718
6195
7033
4415
178
5747
8891
904
4006
8868
1441
9430
2680
9079
185
4937
2357
546
3232
4930
4771
8219
3436
8403
528
3310
8489
7713
3099
5088
4993
7095
943
9826
7445
9341
9463
3263
1062
9364
887
2443
8267
5155
7776
7547
2346
5281
8622
5253
9028
9034
2589
6141
7406
9837
116
5232
8489
3175
4977
2741
7028
7341
22
8842
4976
7292
7608
9994
3666
5212
2962
6326
5400
1244
6402
1017
2062
1838
4715
5150
2773
5706
508
7939
3756
6727
2705
8587
9667
8226
8102
4867
509
7937
8847
9741
1975
5683
8931
142
4987
496
7156
4709
9754
3828
8527
8854
9139
3542
5646
3958
1631
1100
1806
1911
3381
381
9405
6533
5808
7833
7764
6807
7805
1105
2694
6636
7994
5879
8276
637
839
5379
519
3730
8715
7925
6874
8663
2746
8753
9419
4059
9454
9853
4164
904
8813
5726
3022
745
6819
2493
5350
7245
5281
3787
6375
259
2899
4245
9141
1855
3749
2198
6756
8165
6336
193
7023
7342
5024
1142
9564
2196
9375
2685
4342
525
3685
8249
8569
650
2599
3542
4251
8385
6858
7351
3493
904
6170
1405
6353
842
8035
2778
8088
1292
9639
3894
42
3149
9432
3154
7081
3145
4292
1777
900
3117
1461
9600
1446
205
5162
8502
4860
3509
5266
2561
8831
758
8211
5026
6952
5653
9141
4858
5034
7065
4405
1886
9921
4227
2347
5862
7268
9542
224
3527
7319
3675
8771
995
6028
4196
5655
8443
1902
5398
1922
639
3129
6221
6973
5421
3950
9670
4912
5602
4171
5588
5950
1591
504
8548
9228
2228
4706
342
2703
4154
8241
7403
4941
2089
653
5422
9018
8544
5231
4960
2614
5073
2095
6832
1093
3489
1132
2490
4817
4431
1098
2528
939
9841
1447
2811
3591
9008
2816
3609
7033
7761
5621
8990
352
2562
4946
3551
5808
3154
488
6054
7617
9316
2619
6522
1784
6979
4617
8764
7600
7598
5539
2283
5052
5724
3697
7567
8569
52
5056
7645
999
2658
1017
5529
4549
5781
2363
7838
5531
4466
96
2309
6102
9476
9020
465
890
2605
2449
8058
4239
6993
9368
145
3790
4037
1418
8346
4601
4165
1298
6864
2685
3312
6334
3739
3281
5460
3557
2515
7569
1914
4947
1746
6455
9610
2283
8270
9514
9589
4836
9095
8869
4259
5001
5549
447
6790
2144
3630
7090
4802
3714
2620
4334
8950
4511
4336
3270
7246
1640
7472
4629
3923
8115
4222
8044
948
2217
5020
4020
3640
5342
7901
5651
1560
7764
9324
3592
1217
6974
4182
7565
6300
7334
3313
8389
6046
6565
6594
5196
7917
7532
6218
6265
4790
852
1720
9863
151
8834
9651
1159
3739
431
9240
8583
3442
7604
9834
5603
8983
460
6101
7196
7936
2484
1889
2303
1593
2709
4991
9235
2084
4128
6972
4997
7574
7788
367
9558
6610
4377
7538
7438
7425
3138
9764
8000
9654
9671
8961
5268
2883
3026
2297
6666
2538
9991
4154
6301
8304
6138
3172
8431
4565
8937
6880
7098
4045
8406
6083
1550
1348
5313
6962
8185
6740
8688
9106
5734
7233
8626
7009
645
6196
3741
6140
9547
865
1650
6353
5457
1708
5455
1880
9983
7607
9623
3107
8966
3998
4724
9505
5818
3437
1699
8146
3300
2895
9703
9172
3162
7460
6385
8968
9077
9046
2804
8972
2389
739
4830
2723
7640
7406
5766
6126
1956
7615
6546
9812
5199
969
1323
3242
6144
95
2545
6308
1384
9735
4638
5778
4274
2325
2272
7989
7955
1019
9599
9635
2308
7866
7772
4944
8661
971
4724
8602
9549
6299
3498
524
7257
1489
2220
1788
5316
2669
5159
9160
6748
9816
1837
8472
1070
8908
737
3447
1255
5899
8916
2805
2102
6256
6323
4852
3858
2217
4241
2104
9363
1475
7975
630
2439
8611
2838
8533
8762
9505
4219
3564
4234
8965
2959
2086
7074
8211
8463
9762
1025
5164
4603
6649
7382
2820
7748
3888
5655
3935
4777
7987
4863
3773
6558
7051
2927
4274
4132
2901
7678
193
8114
6363
7151
2164
4062
9363
7029
5015
488
203
2516
2686
71
3977
8525
3273
3984
5472
4766
6378
7192
2920
5365
6593
5767
1362
5176
1672
2717
181
5389
6803
6021
5162
5767
1364
3552
2283
5217
8860
1228
7269
5103
9512
461
5743
8341
118
9637
6266
8523
4008
6170
3874
8494
5587
7272
9952
9581
1114
2536
1508
1171
6980
5077
899
8815
9551
2901
2224
9729
8853
2237
3774
8446
3685
1141
5344
9341
2578
8116
3032
5103
511
7216
8676
3553
1149
7850
5463
3394
5736
2148
3560
2724
917
9012
1284
2305
4618
695
2550
3265
8039
106
2527
1815
8477
4065
8039
1787
6928
7524
745
7454
6175
4107
6352
7897
2253
6281
48
9127
403
4029
3770
1336
1732
6986
8274
7750
3765
9016
5627
9483
7174
70
2872
6180
2039
9785
5039
2814
3795
7060
1046
3329
4695
4641
4016
7622
9439
1090
9072
9964
947
312
8605
7311
3687
3282
8899
1561
3139
3193
775
5626
7095
2312
951
1136
8314
2163
6483
4660
8823
7023
7832
2950
9182
7943
7929
269
208
6440
9346
2040
3585
1832
8199
5078
1496
5713
1109
9736
5562
9191
2196
9684
4662
6878
5001
354
8747
5575
7099
1560
7435
3337
3728
8477
8028
9129
5223
4296
2866
4482
3025
5459
5610
7386
9534
2878
5573
4496
8289
9707
3442
9599
2701
3353
2533
6861
3563
7306
8354
7511
7629
7095
7439
8581
4020
5265
7702
9771
9943
5036
93
3453
6160
551
5611
1337
4499
2112
1362
2678
5781
9844
6347
2115
4337
2657
4255
2959
5104
8702
7119
716
8007
7306
2820
5272
6188
7453
6007
3675
6492
5038
3339
1325
5285
4979
8014
9725
3214
8686
9212
3872
8833
950
9557
5451
1553
7311
5923
5761
2647
7207
7206
1377
6039
5975
4654
8706
9333
9126
1640
299
8396
7351
6600
7694
4411
4566
6476
4729
8342
7907
6345
7975
4315
5713
9014
2912
9712
6279
6480
1593
2436
7250
71
6809
8779
3140
3291
5446
7640
3362
2409
544
6741
3386
9049
4591
4268
5362
8930
4027
9027
7134
3541
7529
3488
6750
4828
4261
2616
6015
6862
3804
2911
1564
9854
7028
8011
2582
7560
8886
9339
8211
4840
8711
9684
1980
5370
1201
9092
8315
3687
3543
9206
9630
3854
6823
2895
9959
6360
7565
2079
1046
2299
1253
8618
9498
8127
8210
2229
9287
5904
3368
9950
1284
3569
7789
1322
483
5051
4249
9802
8727
5065
6699
6392
2313
9733
9803
5866
3316
9575
5043
3150
586
4416
5943
3767
8199
5484
4428
846
6398
7660
1648
3332
7024
3700
914
5673
2061
1840
9258
1053
6152
3709
1757
6277
9566
7886
9420
292
4753
7395
9069
1198
9585
5343
2200
2966
4696
3901
9473
5184
6052
7135
4461
9265
1467
2827
3821
8102
4393
2940
6382
8874
2849
888
301
7354
5846
7044
8925
2077
1043
8828
2233
7707
1502
5207
2699
272
2836
7140
9575
5284
4738
7484
4147
942
4189
1279
4392
8314
1509
7648
8847
1692
1350
2048
4160
5923
3705
7110
3427
2375
997
4107
3450
7302
5366
2794
1213
5475
5809
396
1871
6120
2656
9839
4233
9486
4983
4536
2218
5616
4862
6902
6426
762
6960
954
1415
2864
2175
6834
192
4819
2675
2940
2085
2706
4836
3652
3153
6342
7688
788
7621
1170
7841
273
8516
3928
8201
3516
6638
2918
1962
1247
8287
8727
3112
7757
4551
379
5315
2728
8110
4993
5552
5696
2357
9873
2559
7318
2908
5802
9844
6886
6373
7495
3826
9816
2751
5842
9552
1216
6975
6735
3771
7301
981
7751
3929
409
2864
7068
3910
1043
1501
8160
8216
8309
3192
9921
1858
9786
117
8675
5369
5413
3747
2609
7318
9103
0
9662
4271
9917
8590
1037
9855
2034
8307
4420
4044
2836
4434
1900
6331
9417
5022
1227
1736
5817
8053
6167
426
4
6485
7310
4706
8291
8362
656
3305
9879
306
8847
2708
8563
1413
1892
2546
9688
6981
2565
7408
4397
6496
6219
744
2728
6649
2021
1266
639
8664
9041
5302
2749
4842
321
2371
3981
3953
7625
5751
8312
5001
5809
7702
1319
7761
9256
5256
420
377
4447
7341
3487
8982
8516
794
1563
7263
1248
7770
4883
9516
4037
3053
5935
4770
304
6637
7836
3910
2802
3496
8706
4711
6211
3394
4836
8369
4416
1194
3626
9905
8623
1308
7223
4838
2599
7543
7039
1453
3718
2654
7178
3879
7388
3283
4487
3517
1237
3714
9215
2107
8813
5125
2475
3573
9034
2512
2147
3024
5566
2391
190
519
9207
75
6431
32
7321
172
8081
9517
3164
7914
925
574
5026
8620
5320
9431
3882
8696
8257
3322
6637
9474
3276
3622
6983
8227
5562
3132
3572
8841
7917
6403
5700
1514
3515
3929
1046
7412
7911
4661
7241
5932
6465
349
172
8089
1828
7677
431
4077
6385
2443
7450
9288
5159
7263
6147
651
5504
6394
7947
7938
4226
7540
4162
1946
8761
9334
235
5514
1984
3366
7571
2661
5285
3620
6643
5631
1670
4126
2227
3352
4299
7066
6946
4487
2012
7174
2596
3273
4069
9837
8520
4864
1791
5391
8853
233
4353
4131
4668
920
9246
8776
6817
41
6386
5422
3052
8466
4876
9397
7489
44
5629
6606
1156
2002
1500
5005
9657
2043
2873
1223
5855
1986
3102
6087
2367
2494
8305
7708
3162
5169
5266
8715
3950
6922
2853
747
4084
987
5452
8847
8030
8735
8123
4546
5081
5784
4099
5145
3858
8365
8393
3363
8014
5082
8016
8220
9436
5834
2141
2046
8185
4940
9920
1130
9443
9040
2330
5509
6869
3415
2749
7693
4484
560
4732
9453
738
5891
5338
5705
1466
5482
9490
6097
6457
6455
3558
4788
621
367
5508
7029
6779
8754
8663
8977
4699
553
7485
2903
9809
2513
1942
4343
7966
1540
792
7518
7878
1730
6556
7646
6817
8966
8966
5808
663
340
1889
5965
3694
9706
6743
8860
9579
7132
969
7230
9817
2169
6735
6213
3093
8222
7895
6115
4124
7354
7511
1035
633
9917
8018
8949
1007
7919
4427
9333
2929
5933
6798
6373
2698
92
3671
9575
3570
9706
462
4444
491
8027
9726
626
7900
3952
5291
2430
4735
6948
9175
3508
261
9199
7528
5607
1015
5676
9547
2314
3854
3111
930
3716
2207
6458
3950
1067
2542
3679
3769
3794
5440
1524
8441
5595
715
9508
8313
8650
6975
4001
5599
768
5400
4729
9490
8983
1108
8069
3043
8504
6084
921
3109
7766
5961
9533
9403
7067
709
9188
8313
6949
8964
1093
5767
1217
4840
5428
8048
5960
2402
3262
5343
5336
3967
477
7146
5693
2262
2150
3162
1273
4498
7310
7856
8654
7520
2825
4827
1777
8093
1236
8616
3939
6602
7754
5046
3841
9879
3071
9807
4400
5967
6747
8155
9189
6154
4880
4691
135
3906
6848
9986
283
1297
1396
602
6737
4745
1955
7722
837
4788
3393
9689
2052
7244
4625
71
5230
2150
1791
7029
3660
9768
1615
9808
1636
9603
8836
5065
5168
1103
107
2861
3563
8203
523
6672
1348
173
3170
8603
6474
2167
2244
1385
4240
2958
411
9625
6867
9205
281
8160
2296
8009
4428
6735
7244
1345
4388
1953
6009
6812
665
5844
9735
4396
7952
9601
2983
6560
9478
1115
1456
2001
623
9480
3562
982
6498
3752
7046
2563
1943
4800
9039
6040
2498
9451
1160
3325
1659
1622
3200
4261
8656
9539
1812
4900
7902
5402
8509
3834
4570
944
8233
6167
7334
8611
5675
6520
4162
5845
773
3286
436
388
1206
534
8066
5505
7321
4398
3475
3114
5398
9410
3647
8746
1694
9655
2547
8664
5267
5072
651
6438
1108
1131
6240
9060
4104
7320
289
6044
3197
8002
932
1939
4897
154
7558
640
8243
3098
1344
5113
6754
8837
2828
3747
2684
4127
7739
9623
5019
2345
8097
6446
9949
1234
4433
8186
2009
8363
2384
7155
2239
9336
8962
1627
5506
7437
3241
1881
1725
2977
8445
6203
5599
4667
4740
1374
6687
1424
6621
7493
3417
4640
9222
474
3704
9693
4026
6386
28
6435
7656
5140
1993
3648
7886
8488
1735
3459
8017
7816
7103
2556
4542
8339
9609
1566
8480
6513
8846
4808
4726
7384
4154
4128
6539
7935
952
629
6200
2711
1474
4988
3961
1129
2957
2377
8459
4033
8564
1322
8654
6815
5269
5849
5652
5365
7581
6399
2835
5879
4052
8910
7657
9278
7701
9704
5092
5537
7976
603
9157
4603
4815
499
3956
8200
548
6550
9943
756
5098
5808
8545
7748
5589
6467
5172
2745
9928
8154
1930
9936
6576
2061
7706
1516
4783
5144
775
9930
5854
1138
9205
7147
3741
8411
9842
4378
3026
9850
8635
5995
2611
5470
7357
7763
3945
6984
3895
4916
4310
7244
5375
5286
492
3142
717
8733
5410
8408
8261
8625
3931
1100
1362
9405
9008
1040
7875
4785
9744
7028
4152
862
9089
3870
5337
3324
4086
9557
5352
978
8075
9677
8296
494
1172
1731
7042
8606
920
766
1902
7483
1027
4009
5050
5171
2648
5324
6100
9134
1729
8655
6380
148
3765
6230
5699
7181
1455
9391
9656
5843
843
2314
8040
6326
5068
1191
1420
4671
1567
5927
4057
3926
6172
5323
6589
575
5297
809
2254
982
8800
5991
7113
9882
6336
1207
1170
7076
6562
5444
8129
8480
3441
786
7036
5857
376
7818
4853
6039
4850
3378
6652
2202
4464
2770
360
3935
9516
1270
3865
9477
5377
8960
9121
4635
5342
9978
4074
5057
125
7560
6527
8326
4425
7451
5187
4519
7040
1350
6674
1005
2820
7375
3199
1071
9643
8894
6108
9200
2193
9444
7151
4505
9145
3801
3985
2309
5059
8810
2456
3559
6765
4306
8605
338
5368
2910
2461
7310
7117
7396
2513
5141
674
578
5132
729
7501
6552
9153
5953
4867
4581
7433
1379
1877
456
9963
4388
2246
999
8702
7445
1046
4112
4241
5085
4818
4830
7377
7125
7098
3221
2783
7322
9027
2596
1643
513
4038
7039
8532
2165
8332
525
771
3135
5715
7901
9537
2851
86
7279
9993
6629
485
3662
3742
6162
5730
1400
4908
4224
2770
3611
6251
3858
3207
7810
1245
4775
9866
6211
581
3232
6647
2991
8120
4810
479
6309
7197
3472
2189
8466
3850
4812
8257
6940
3488
2130
5912
1173
935
8353
3113
6790
6902
2762
2261
252
4337
3150
9230
278
6379
4963
1538
1575
826
3832
4361
20
9387
4259
2555
1266
3851
6230
211
2649
8729
6355
9953
5094
3623
1031
2751
6682
675
3127
1967
4364
5519
8772
3867
6692
1572
8923
1184
5707
59
8347
4323
4961
1621
4093
1468
6434
4066
3248
416
6437
2691
1227
1018
8765
8650
5350
6750
4054
9896
8040
1674
3280
4754
491
5405
4921
4188
7523
9297
9246
4772
7676
454
5646
4691
6204
8326
434
1521
5058
5169
6038
5732
5418
4487
190
4810
3346
6634
8603
1418
4099
4669
221
1842
1204
7871
1278
1003
1054
8142
5991
3939
1560
2729
3541
1303
350
8781
4859
5941
8844
6194
4137
7969
9908
1150
9027
4765
6237
8895
8826
1362
3877
6308
6872
7800
4212
5299
5228
1132
7840
2171
3464
720
9310
1750
6669
4837
2248
5737
4657
6822
5608
7454
5261
1150
9082
7287
9737
8258
5633
8567
8054
9814
7411
8960
9476
422
8081
9561
6161
7194
6763
9983
2555
1258
3994
3786
3858
6992
1726
4491
919
7694
7553
3515
7242
8989
2995
4444
5493
1055
3957
8618
2676
963
5848
5940
1408
5374
4948
4700
1613
8890
1642
2845
8002
5332
3492
5161
703
4351
8427
1345
248
3974
287
8531
1931
7226
9995
4030
3857
9979
4262
6880
4816
4407
2858
8689
8185
2077
5651
1833
7481
9388
3796
252
6859
3814
2317
1449
7995
8122
7145
6272
3275
7771
5064
3309
5913
7444
7088
6922
5277
5629
2674
6057
2543
4422
3027
4927
2671
1006
6698
7533
166
4727
2241
6266
1964
932
5444
1595
1672
4168
3033
8995
7080
6673
6625
200
997
8860
4701
1095
6919
3227
7603
3598
3951
4922
8028
6732
6908
1154
82
7317
3776
7985
2197
7114
206
4742
3906
2649
8904
4007
8440
3673
9518
5724
5850
9551
5405
5862
579
7169
55
2905
9547
3268
4431
4908
3721
4671
856
3190
2083
5220
8893
2296
1569
7181
2248
6055
5443
403
4813
7743
9083
8975
8586
4941
6758
7809
5495
779
939
5937
2250
241
1215
6338
3463
5839
4496
6576
4357
7768
6990
6527
3812
2009
845
9441
3151
8580
3767
982
1016
6288
1294
1682
1849
3597
5116
7514
543
6805
4436
4204
7779
1629
8570
9295
2674
1272
3015
7971
7784
6848
2232
2423
5732
2319
3907
4393
4355
8880
6103
160
5323
6889
4056
3061
5532
6278
5788
3328
7999
4964
3962
1648
9657
8118
8408
2853
3892
5191
5004
6028
144
1013
9138
263
610
792
7891
1057
4142
6345
4785
2469
9856
3808
4207
4608
7755
9780
5166
8969
8796
1547
2048
741
3272
7289
9727
6263
715
7885
3815
6816
3674
5281
8683
3451
7629
3461
5158
7580
8891
7459
9634
9259
6998
2853
1118
2568
9128
3384
8521
487
1415
3762
8240
1787
1242
964
955
9050
5265
1460
3786
7661
3870
8029
3395
6265
4043
7613
3877
4033
339
9993
9345
2014
798
9567
452
2518
3444
6786
2776
4836
6701
40
7061
1882
6242
288
6474
1317
3072
8023
7533
4717
8078
5759
6311
2656
12
689
4210
7547
9356
2777
6597
1548
7502
4524
313
2674
6210
4145
9566
5094
2407
80
9278
3352
4200
686
978
9452
3331
1738
8824
8315
9310
3895
7220
8458
4770
1679
9609
4443
4087
3734
7367
9801
1427
5903
3150
4179
770
1185
3670
6971
1080
9499
8237
2987
8998
6765
153
8382
7025
9340
5705
672
9394
5340
7413
8124
1508
1004
725
399
2628
6034
4465
5210
4010
6179
3717
1728
3284
6130
1115
8571
8331
3320
2028
5421
7042
4230
7840
1879
1065
252
2141
4555
381
5105
2123
585
7512
3936
7431
8217
3924
6606
5848
4892
5683
3650
3644
8975
6143
3696
1424
5131
9030
9804
3586
8140
4407
6195
9099
1405
3941
7293
4824
6104
8868
8621
2815
769
3821
5614
5542
5191
1212
7431
5680
5407
7306
2864
8
3601
6001
4158
3145
2069
7199
5630
9849
7118
6931
1834
3770
8137
7986
4178
1962
1459
2992
778
9755
4226
4426
9924
3204
7704
7678
3851
939
7970
5057
8314
9815
3952
3368
7618
4549
4411
6428
4004
7018
5014
1770
614
8095
5053
7447
8109
8954
8499
2412
7830
1040
3562
5093
5834
2252
1813
1472
188
7852
2500
8586
9677
9127
5941
5110
4132
7128
6604
1565
9959
5866
7962
449
7738
463
5311
2179
4990
6031
8985
2040
1654
2786
6469
1117
6778
8906
7575
9141
7405
1784
9420
2595
1106
1198
4206
9949
3442
5753
4287
2669
4337
7684
8990
7939
5413
4927
568
3447
3459
9039
6163
2041
2169
3248
1563
3928
2163
2982
4166
5259
555
7660
806
3869
6614
9188
8367
9404
2504
3338
684
3103
2740
5067
9452
1212
7503
1793
4764
4033
4046
910
4798
9489
5365
1338
5056
7142
3962
99
7029
3755
58
2781
8216
6845
8373
9238
3124
6936
5444
1086
9473
3436
1843
2676
2428
19
9000
2865
5008
1720
3246
1420
5017
8344
3319
6025
8504
5838
5829
3933
9209
4380
5271
1624
2349
1774
6752
1747
9348
1165
6
2407
6419
5486
3359
7830
7850
7650
637
902
4720
1720
1797
1139
1643
5425
3777
7118
447
5804
4447
7700
1465
8592
890
3848
6468
6471
366
3357
9074
2565
8461
9926
6629
3974
9125
183
1490
6652
4753
767
4676
1686
2903
8849
4684
4273
5906
3678
4735
828
6182
6249
6596
7332
6724
1446
5020
3582
4320
4595
4480
4980
273
7428
9373
4968
447
2510
2387
4626
8027
7131
4694
3134
5161
4447
580
9892
1837
4100
3018
4627
7454
3334
5539
3898
2697
3517
7651
6750
6328
739
7693
5435
989
4165
4206
6302
438
7350
7281
196
138
2450
1443
4017
7332
7307
4087
1944
3299
8032
3857
795
1638
6661
8564
9934
9738
5101
2264
8873
6755
3748
4410
1543
7695
4086
5280
2481
3891
9780
8657
8429
976
4673
5494
959
7399
2213
2922
6973
7352
5486
9228
8017
1576
1104
702
9807
1033
5603
317
9079
4654
3098
1211
2778
9696
5318
2763
1106
7928
1994
8368
1059
7536
1767
9861
5280
726
5401
4232
7862
7647
1877
9045
684
1533
7097
9965
2087
6974
5449
7751
9866
1167
8060
9127
469
3607
7904
9149
4528
7979
8977
5225
7553
3762
8335
6820
8944
9088
3732
7607
3840
4200
1059
1337
8712
9605
128
6181
7553
7051
2514
4869
4838
359
5788
7901
1961
6176
2728
7146
5872
199
5060
9579
9424
6221
6042
4494
2304
3347
5513
1261
6891
436
2862
714
9729
3338
1652
8881
986
5273
8139
608
5917
5650
1729
138
676
5824
6866
7231
9782
676
9506
8748
9242
5238
2580
5842
8922
2045
7404
7168
3971
9289
6515
9943
615
7649
2842
8389
3241
9379
8020
8686
4185
8276
4312
807
4514
7653
1865
9081
678
4906
8138
3412
2059
8467
5789
167
9636
7004
5752
9678
6130
5504
762
1737
2472
5300
7904
8326
4595
3725
1207
5696
8902
5163
679
1255
1999
6323
1965
6921
8275
7709
4106
5211
307
8614
6183
5867
1574
4361
9818
7440
208
347
5410
8057
4997
7500
7494
3667
1542
5533
706
8138
5385
7797
8095
6153
4397
6917
3139
499
9343
2903
8482
5258
3578
2274
9835
1825
725
7876
8398
8832
334
8020
118
8203
2133
9569
7188
2368
4593
8149
6734
980
55
6516
3111
2351
680
4849
9249
4183
3807
3080
3228
9598
7442
7498
1098
8948
2818
7820
4277
7450
353
3432
3118
1121
756
3092
1840
5804
3738
572
8113
3952
8408
6573
1667
102
1163
324
3145
4501
8039
2380
7436
67
8317
4248
5145
6653
174
9176
7515
9920
4756
8918
6129
2459
2599
7911
9299
1391
9255
9563
1847
506
1618
773
4779
528
8807
9097
9482
3073
4802
1623
790
6750
2949
4699
6771
6241
3483
4196
2546
7472
6318
948
1904
3983
4619
6174
6648
5535
8650
544
1535
3204
8987
7009
4795
7610
5400
5199
7635
5656
3077
1523
5096
8857
3023
6162
9119
5707
5225
1973
5826
9066
2497
683
2369
6078
7292
5049
8063
8924
9387
8335
9351
8288
2198
8147
9239
4948
5867
643
2685
7896
7020
4489
3789
6907
364
3632
764
8322
1235
3825
3110
4693
6888
4214
7135
222
6186
1564
5424
1345
6092
2636
9096
7175
8077
3276
3945
9183
34
5149
1215
3239
8140
3506
4325
895
7686
1152
6214
3812
217
7339
3218
4008
1145
5626
7081
8573
8474
7141
3051
7043
9073
922
1081
536
2499
4807
7752
9413
9898
8684
6079
3282
418
4436
4947
7217
5490
7678
9355
2181
828
146
6858
6724
3313
5172
3785
4605
6216
2676
3693
2525
4715
9567
6176
4275
7021
4171
7331
6492
9116
8877
6394
9836
476
6015
4942
6739
4183
3276
6223
1026
5340
3849
3580
2900
3749
8128
7394
9200
1142
9139
9734
1733
4301
7047
468
8586
2575
7897
3393
3157
3254
1146
4727
9455
9158
2814
2375
3514
3027
2987
3720
1695
1939
1627
3895
2201
3910
7558
8447
6534
2519
6939
1155
5176
4779
4216
8618
1270
6927
7051
1386
5698
1834
2115
5694
4590
7542
2930
7337
2705
1256
5013
5328
9696
4317
2470
2427
4421
4948
3187
8425
200
7696
8952
997
2708
7810
6050
619
3516
5371
4822
6095
5858
5975
5984
8267
440
8022
6378
1046
7273
9386
1927
796
2535
9164
1925
9638
3455
8
1969
1579
6273
3667
2155
1608
172
5530
5668
3327
6399
9452
3696
7165
4361
1812
788
7619
8931
5058
6917
1093
8215
9315
1343
9926
2269
223
9220
9322
666
9427
132
1696
6567
7148
5616
1007
1750
3926
3608
239
1841
1658
4134
6048
7082
8717
8694
7491
7135
7653
9540
9098
9261
2425
900
4788
3766
3729
7652
514
4229
72
3077
9770
55
2133
5168
2767
168
2437
723
897
9098
749
4602
1601
1786
4957
1952
1567
1751
3634
4128
6481
1584
5101
3526
2788
8760
3968
1399
8354
7172
3261
1037
8982
1689
1539
3038
602
481
2950
7967
9496
4728
7179
9306
1236
4809
9213
2541
1428
7480
6027
7067
3511
8811
680
2701
951
9104
683
1669
1127
5052
3511
3087
9985
2967
6286
4550
6170
5171
739
7932
1084
7588
5459
6915
2803
3227
9041
5179
6887
8464
5229
5347
4356
2021
4075
5491
9164
9113
3724
6240
3336
8118
7782
8344
7844
2180
7421
1699
7032
7997
3390
586
651
6699
1563
8692
7466
9006
810
9208
6534
722
1723
7722
4629
6918
8352
8133
8782
6348
9928
161
7340
2753
1753
2650
6154
3271
6403
3783
2012
994
2752
9160
9008
5877
7287
7250
3521
5267
3921
4616
95
209
7016
4272
8232
5099
7352
9215
5846
313
9460
6587
9671
2723
9221
2411
7726
4888
9715
1326
8759
1495
4810
2801
6605
2015
3402
7680
1559
9672
8587
7979
1964
7033
299
4571
9333
4158
4237
1834
7223
113
4978
4402
4237
363
4774
3097
8135
8842
3484
8695
428
1998
5157
2154
5605
7998
862
3336
6988
9869
7293
9749
8506
8784
715
7399
7750
3970
68
6669
2388
4779
2034
2057
9458
3682
530
9184
4752
678
8171
9120
8371
7551
2614
4721
5083
9407
7836
2952
3349
6438
2769
2749
5245
249
2582
4737
3976
2702
7493
2369
9097
9683
6677
5509
1453
8643
9380
1384
2316
713
8709
1658
6656
4440
285
7584
3992
5425
3353
9413
8138
4585
9037
7247
9411
2775
1935
8511
9867
4064
378
6089
7326
6577
6292
932
7851
3800
5109
436
5787
7077
7066
7058
3293
1403
169
3631
9110
9475
9418
1884
4073
6588
5262
5045
1274
7810
2848
372
4697
4668
3140
4867
6547
9899
8951
7471
4637
5900
2075
7107
557
7583
3598
7245
1725
7638
6239
5937
7137
8969
3305
7658
753
3172
9315
9178
108
4209
5506
5863
5955
9529
6427
203
7634
5501
4523
8171
5339
7160
1751
7123
9077
9641
9050
1159
2806
8640
8574
247
6655
5972
4279
5341
8979
482
9013
5139
9733
5878
8120
8735
4963
3149
4539
6626
9498
1321
1238
5924
6939
3148
2305
2885
8568
265
7605
2059
5923
2773
8187
4697
1999
8490
525
6675
9196
4646
2799
6560
6047
6105
1577
6482
2995
2738
2387
9934
394
6412
3627
7932
8442
9357
3426
2465
2063
662
7984
2901
5532
5875
3370
1642
8099
38
5112
4679
8691
2737
489
1238
6940
6276
2905
1830
9510
5190
5617
6347
5165
377
2632
3358
265
6886
8274
6640
3509
8940
5796
4439
3092
4422
2441
8734
7557
5545
6301
7839
9189
428
4
3967
7828
9457
9566
8932
1330
5756
2119
4479
1257
4288
2190
1495
4607
3040
7655
6908
1968
2581
6995
4513
1223
2299
5505
8223
7763
2918
375
4979
2438
6599
6960
5077
3131
5422
6441
2407
7757
9795
2938
6012
2129
6126
3459
3632
2377
1272
4757
2275
7534
5610
5718
1295
220
6620
2089
3727
6453
798
5471
5817
2336
6620
8709
1963
4684
3502
7528
8185
570
7773
7161
1248
6356
7891
5190
1635
470
8462
2336
9134
8143
1909
1437
5620
7583
5088
6404
8098
414
6068
9660
4464
7060
1280
8992
7053
1977
186
4908
9123
5156
2127
6999
204
6877
5243
2189
1980
654
4566
8551
4410
145
417
1001
1937
1212
6777
1074
5555
8382
7189
3585
2977
3138
5494
4919
7757
4258
8061
7085
8952
1694
4325
3451
5037
3848
571
9320
5908
6128
9700
7493
4629
9205
8909
9802
4075
9943
182
439
6728
719
9111
7946
8976
2317
4830
4569
6387
334
7320
2366
7634
2459
5850
9165
3445
608
3199
7835
1681
6610
6495
1192
3934
9643
1661
3868
4379
5162
5886
1684
8396
5606
7553
4889
2053
8084
4654
4903
9783
9163
6085
2520
4691
9547
2470
548
4163
6343
5338
2652
2936
7513
3716
8460
7739
4491
3904
2006
7699
684
8385
4048
1222
9698
7777
5894
866
1757
7396
1851
9582
1842
2879
6232
7516
6840
3621
1231
2322
9176
1167
5311
8306
3671
1416
2826
7792
7835
1709
1816
4271
525
4495
4658
3445
8407
2365
9684
9272
9503
6888
1115
898
7185
7453
5845
6196
2720
7494
7133
7372
3580
8961
7669
1320
3229
791
2210
7151
3377
6936
6054
5386
8528
4905
6901
1784
954
3141
3295
9528
4659
7341
1580
7199
8475
6961
6443
1275
1537
7874
4005
7480
9754
3204
9627
7781
3841
756
716
1065
1993
9198
7497
2834
1803
7618
4095
5047
9116
7153
4834
5199
3987
8756
8882
3539
9556
5756
1701
7889
3345
3218
8857
9072
7852
3517
8538
2662
3334
6887
121
1671
254
4774
7065
3736
7817
392
3206
4619
3009
2775
2924
37
8148
4723
9546
5659
9427
879
192
7874
3262
7860
61
236
2037
4691
8121
6766
2759
3625
3296
6430
2155
4657
9549
7724
9006
3684
2839
2689
434
1249
1560
8057
3713
1051
4411
2172
7281
3742
7872
7346
6699
4266
6183
4649
6956
473
6708
8640
5424
8456
9865
3732
1502
6813
5529
9633
4033
7598
639
8455
6460
162
1779
3803
4248
1825
5273
2107
9761
6563
4422
1144
1598
9184
5153
1134
1235
1307
8500
649
5717
8662
2971
5605
4922
7389
8699
1482
8130
9089
7773
7086
8431
914
4256
4887
5163
1822
5512
1933
1593
4151
6362
4489
7334
6021
4108
867
384
7695
759
99
7560
227
1
662
549
2065
7676
1967
1324
4856
2941
7122
1212
9372
4002
5565
167
5560
7589
6233
7055
6647
7328
9418
9522
752
640
5062
2367
2756
3936
9201
1279
3121
2918
1152
6048
3099
4201
3310
9697
3002
7396
6923
8242
9250
2331
6221
4515
5443
4392
9966
2708
8497
1376
1412
1583
6736
6091
7031
1573
2320
5263
422
4067
8872
4615
1603
5383
783
7575
6126
1582
6127
3483
994
1271
4797
6244
6832
6177
1011
7267
6573
7780
9772
2737
8269
3641
8269
1912
3956
4692
8722
9718
7007
460
6345
7593
2841
5537
8711
3370
1162
8224
9221
4432
3046
703
1380
9648
8744
4496
603
6465
9476
9827
4968
446
7882
8076
2593
8805
9255
6408
1445
3238
6763
5139
5458
1878
3749
5423
7480
3983
6345
4682
4264
806
6980
9460
9538
1159
1785
4060
4759
2833
4706
9922
1289
3655
2888
3001
7595
2365
7406
1806
9650
6906
8711
1537
3650
207
1422
4235
5251
6817
3729
6893
355
2219
7544
9116
9643
9677
4410
3616
62
5474
8010
8459
5510
2128
9088
8352
8099
7699
2816
6292
6302
5297
4701
7427
9690
4397
8351
642
8939
520
432
1449
6936
7283
9347
804
4033
9216
2661
1867
6659
1087
9354
82
7485
612
9551
1801
6649
4684
2364
3919
1618
7631
9659
1947
8407
1974
175
3736
8581
1051
9091
5320
4726
8896
6414
6023
827
7473
8289
19
1590
2822
844
1567
2611
4868
6377
9548
5338
212
5886
8319
3423
9854
9350
213
9848
2443
9441
8170
7323
7894
5425
6522
1282
4352
4778
3616
110
6082
8634
9500
2195
7010
5844
734
5947
4937
3257
6449
2768
1900
5711
7965
7931
9004
8702
221
2263
2190
6225
7619
9731
8857
3285
1279
3684
5962
1960
9199
1903
526
2390
7995
9952
7972
6674
3192
8853
2853
2540
2914
634
5644
604
1703
4387
9752
9637
5807
7068
6886
8947
1508
4389
5661
6997
1101
6872
9094
7832
1241
9209
7022
8977
1418
7570
6237
8078
6822
7270
8096
8853
8469
3102
2091
6580
2793
3776
6477
57
9214
9291
7389
3259
1753
5649
1952
3539
4289
230
2530
6391
7619
4966
5044
9602
6367
5410
3022
9396
1043
487
3004
9449
73
109
6068
4709
9609
9079
7424
2487
1196
8937
4004
8791
8442
4922
5451
3728
2506
8127
9189
4183
156
2994
1926
3221
6471
3452
4860
6692
8054
4453
5857
1851
4252
3808
9448
7533
3016
2652
9008
7406
9457
5956
5471
7966
5958
5123
9235
7696
2317
9799
4292
9873
8256
54
5321
7443
4272
3408
5712
110
5962
7333
345
6839
5452
8292
7976
3443
3463
182
5333
4914
550
2958
5316
1150
5233
8820
1371
160
3455
2623
6470
8605
9553
632
2443
25
1426
7475
2293
3458
4173
3431
5394
6230
5798
942
4926
150
7124
5778
1923
2195
9014
6693
6328
5035
6413
5985
9030
6989
5400
4522
7904
6951
561
6922
1957
4763
1535
4504
9161
2997
3069
8245
2010
7736
213
4576
4807
5637
921
5056
6141
6673
9823
528
9182
9076
5381
8427
6696
5545
8928
1587
7201
7422
4850
7648
8176
8151
8321
2458
6538
1091
573
4023
7032
5673
6512
3872
5643
5038
5101
519
4021
7218
6248
6712
2791
132
6044
8818
7359
2191
3991
5921
3670
1114
965
541
8998
5860
6517
3313
3022
1820
9111
3312
8940
2896
3430
6504
3019
2249
2650
6901
9129
390
242
3037
5336
5750
3382
9381
8669
9762
9524
8253
8483
6407
6464
7653
4077
7978
5430
3773
3821
3421
5756
7996
5714
5939
1947
7870
6274
3460
5280
9229
4328
4983
411
7696
5831
650
7822
867
1841
8842
5610
9716
7893
1425
4434
9488
2268
5631
486
4437
4992
8986
643
3662
2502
1134
4803
8808
8838
8746
3003
6053
3423
8034
5876
8502
9924
6873
934
7869
6848
6958
606
4585
7428
1745
9871
1047
7263
6928
1787
8997
1347
1615
7393
7539
6605
3424
1633
2617
4851
3241
8360
240
8358
2336
7435
6532
5065
2823
1062
3162
8327
1420
8071
2746
1627
412
9247
3158
1807
3290
8844
5366
1362
4210
1685
8925
1548
9029
389
7637
1542
5365
9127
36
3359
7047
7477
358
3350
6090
1430
984
872
7662
6103
3097
5657
6925
5827
3792
2023
2769
7455
3336
7234
8642
2809
5302
1301
5690
750
1996
9977
7508
1762
4386
4631
3850
6963
6060
2786
1656
7758
2667
2026
2617
2109
4002
9695
2369
3362
6459
673
3960
3381
6608
6109
4970
5090
5374
2269
8997
1064
297
7854
7403
5701
2038
8462
2131
2243
4029
6866
1402
4082
2052
6095
4692
1389
1249
4202
1763
3507
6272
8874
3498
2356
1664
4803
6193
2761
949
2788
7870
5566
6399
5535
8060
3736
3027
1887
5194
5763
819
2056
9395
1204
7381
7365
399
6379
3663
8231
6162
6767
767
1824
1137
1094
7976
4861
8485
8098
2664
7247
3071
7014
8896
9272
8383
6146
2923
8936
1493
4515
7627
9877
5657
3311
6128
6134
5087
2338
959
8850
1384
188
254
6790
4305
1405
4124
7239
6067
7805
456
2235
7953
890
4313
1494
9478
9886
7842
2338
3467
2060
6608
7019
7826
9541
7990
2606
9541
6134
3887
5425
6664
922
1317
198
15
2278
6287
2238
1621
809
8485
8667
8067
4833
9304
5426
3977
9379
4636
4217
4970
3974
7832
3628
171
1473
8121
3071
7537
7487
1318
4840
6508
840
4301
7812
6669
3133
7518
8874
3594
6942
2398
4889
3290
8917
9441
8757
1641
8408
6424
9984
9239
9583
3846
9632
2116
1496
1421
3370
6369
7081
1017
8394
562
2109
1551
7349
4916
7751
6806
1969
2662
4889
82
5613
1665
3619
5410
8447
6144
8516
659
1495
1191
5517
6553
2204
2707
8922
1763
949
5288
2103
2710
5737
9921
3721
8957
3137
9400
2340
6217
7009
9948
6684
7316
9920
6314
2532
6739
9706
219
9405
5350
5725
4793
7735
8691
7502
7983
1261
5201
5764
8489
6650
3898
2604
4241
8063
6850
1017
2520
6892
3053
4281
9608
56
3306
3159
9456
5749
619
2964
2880
5737
2193
6886
3825
5751
9724
2242
3055
3555
7894
973
613
3928
8415
2768
3468
4554
3227
3378
5781
2486
3368
813
9203
3433
5091
544
5600
2066
6783
383
4446
1611
1544
1306
603
1060
2638
2037
9985
6897
6709
4561
3123
6043
1485
8243
2560
686
2410
1894
6417
60
3987
8600
3032
1092
6376
9197
9851
5137
4259
5348
5579
5681
6742
2262
6397
5271
6772
8122
4192
1517
7574
7499
2859
7990
9901
6494
1492
6952
8538
1620
7296
8281
8895
3121
3478
9216
1034
6788
1418
2573
8452
7905
3072
1465
6866
5934
7903
9414
3045
2366
2851
9183
9618
982
7690
5369
9601
2700
38
7638
9423
9340
2257
4324
8719
2088
5369
3699
9906
4099
8173
8610
2709
8785
3475
1510
796
4815
4439
651
1883
9395
2927
7264
4931
9486
9316
7838
3327
7956
7010
8716
2308
5151
8800
2890
1804
3474
3381
4415
8447
8167
1385
237
9175
6941
5989
1672
533
501
2783
4989
9606
7334
6182
92
3400
8033
7109
2763
6217
3957
2365
6686
226
3938
6475
245
2542
5555
7526
6388
8898
1906
1603
4705
2100
269
1587
2665
6667
4081
5485
8320
7781
3291
9313
5902
9020
4133
243
1827
9847
4663
3537
6876
2921
6207
4816
9025
908
3338
8222
2510
3435
3154
1146
2555
9003
9
2982
188
9868
2577
343
7100
8478
6498
6826
3334
7807
2801
4171
275
1873
5100
3814
6030
8224
734
8168
1357
9507
7704
9723
7278
695
5643
8040
4066
6718
4921
2737
8500
7876
6476
1650
9796
2185
2872
2100
8639
4680
5850
6208
381
1384
6371
9766
6326
2891
753
8030
4528
6488
3066
4149
7304
8356
6097
2079
9560
4764
7307
4749
1846
1244
1100
1504
1664
2117
736
5487
2454
2641
5709
3705
5051
604
6549
1051
4608
234
2807
8156
1037
2733
4027
9148
3063
7007
8565
621
8531
5872
2101
9660
6774
7066
6092
7867
4668
3745
956
5253
9453
7267
4270
6318
8350
4180
7049
510
9940
1486
1889
1784
5906
4877
7001
2342
3051
735
3146
2842
735
4263
635
8234
51
5840
7986
4693
3666
9477
6753
6742
2224
4352
9379
8955
3266
321
810
3500
9896
4989
1486
9582
8131
3966
3529
8461
3737
5799
3614
5167
5028
4439
1333
8780
1895
2239
9655
8990
7739
1328
4559
9351
8700
9431
4618
1896
4952
7765
7834
8213
8389
7297
7456
3871
6049
7471
9253
8064
7588
3788
3567
9654
9680
8737
1827
2196
4257
33
4546
8459
748
2381
523
693
7727
9264
8568
3709
7019
5680
315
6282
3704
9203
1175
5978
4426
5604
3392
3280
2002
3899
1696
3410
3680
8717
9958
3795
834
7724
109
4882
8950
7987
7866
2621
1113
7931
6612
5941
1638
7
7836
5362
8706
4289
434
9720
7981
6542
718
750
4955
8798
1199
6814
3568
3971
1696
3063
6140
8605
9150
4933
8193
1123
1401
8112
5070
9797
2004
2150
8949
3285
3627
1324
4873
232
4142
4598
1320
9554
3990
8840
5504
1592
5141
1903
2948
2414
1305
7390
6427
1035
6611
7795
6904
6423
2752
4147
8012
9727
973
6288
5192
9946
9501
6978
3239
8773
9178
9907
8500
9230
3266
8106
1824
8954
8147
8897
5141
7641
6868
4050
2103
9637
1987
1289
99
2726
1782
2275
5349
8996
6224
8148
698
3047
2573
4303
7235
2957
2220
3056
8554
9775
4090
1911
7793
6601
5128
6855
3144
7245
4345
4763
4826
9183
8213
3184
6668
426
8251
896
7318
5640
2465
2694
1476
8286
2874
8440
6775
3684
2404
2692
1916
5365
1223
1488
9873
1992
2415
6325
3862
7407
1930
2213
6281
4531
3517
5915
3047
400
6970
8714
4167
8146
5520
9578
7670
1327
2073
2041
1517
2971
8546
6804
6346
267
5653
4294
3384
3682
575
4300
5692
7673
1893
5188
4919
5840
1623
2468
3770
8283
3716
5945
362
4977
5473
4353
6611
9338
8288
5367
9468
2185
283
1662
6789
3446
3238
5009
3035
3530
7558
3643
5352
9520
3161
56
6480
9757
2800
2322
9305
1182
7182
255
6459
9561
7547
1415
7853
7484
8419
3313
7401
1401
7656
8540
7915
5884
3957
1377
8508
4469
9399
7943
6507
619
1462
9549
6010
8480
431
3339
8509
9947
2882
3338
2436
383
2081
8751
8489
2713
6141
5244
201
760
1902
8090
6554
3522
6177
2167
2429
3388
2434
4155
1892
1722
1080
8287
8415
9836
5739
1256
9690
399
4006
8145
4403
3080
7905
8864
5020
2537
5462
2671
8565
2253
2039
3053
3017
5889
9808
4162
8942
6529
143
255
3785
3167
6008
6790
1863
2812
8554
5312
5138
5006
7110
3503
679
872
7272
1952
7325
5486
6624
1979
8574
8629
4781
2052
4591
732
5990
1758
2756
9424
2853
9641
944
150
1988
3515
6439
6347
2280
3940
3340
1119
4595
2859
9406
2318
7838
1763
608
9506
4338
1398
6479
4758
7185
8996
2283
8530
4497
587
8149
8403
5457
488
1433
3525
8649
7694
8148
3442
5769
2755
2110
832
5273
9949
5815
8233
7019
1749
3159
2744
8304
2760
3831
1049
469
9435
7218
4153
1464
7712
7802
1546
8296
4704
1650
7558
8292
7417
9952
2206
167
6277
2998
1258
7466
7215
390
6512
5838
2505
6533
4792
4667
5822
3422
3650
900
1178
4682
5818
6572
9832
5638
4938
4835
2378
2843
3386
1341
5282
6023
5124
5380
4435
2671
7480
9422
1941
4957
1851
7029
3116
6586
1706
3754
9537
1386
4557
1392
8441
715
1045
1383
1526
5325
2352
8924
9907
3211
2198
6873
4704
7613
6574
8285
2733
9648
576
7198
8477
8371
2921
2516
757
5902
5997
3928
7197
3955
6312
6586
5643
5524
4333
2777
6761
5827
1114
3986
7627
4897
5163
158
5764
2277
3056
1491
9066
5106
6341
8529
5160
8498
8885
4217
468
5345
8674
8795
4169
1078
7911
242
8796
6832
2476
5404
5832
6811
7721
9101
5695
4103
5243
1185
5734
9232
7879
8545
1844
2348
7041
7436
824
1380
3787
4733
3227
6506
843
4930
3122
3887
6034
1263
7453
6666
4620
3291
4273
9200
610
5367
1820
1521
3960
6595
1488
4047
5744
3395
5583
6450
6000
2843
6542
2271
1922
9836
6292
2238
1611
837
7297
4398
4989
50
388
3823
4291
3714
2851
5436
4085
5758
1393
4836
1403
4660
5388
9238
2055
449
4395
7692
5894
4896
7546
1963
9211
1018
636
8173
2919
6311
7893
5271
377
3520
346
3558
6850
5020
3483
3563
3174
727
9985
4537
1582
7039
1563
8161
8870
8671
7489
6873
675
5938
9390
8743
9302
8304
3561
7915
8968
4613
1732
7732
6885
4929
268
3253
2945
7856
4630
1088
6052
9527
3670
6177
5506
2277
7415
5871
8124
7865
6728
4444
9675
4846
3213
8089
4804
3789
4789
2515
7515
3688
7368
4061
5183
3438
2549
2674
7331
6930
2265
1809
7322
8037
5346
6162
1752
8080
9806
6325
1493
651
6564
2409
3324
297
7827
4335
761
9241
2220
4866
7165
4270
3165
6872
7144
5905
2339
3175
5565
6430
8389
89
274
815
6666
2730
1052
6313
2031
7397
945
7127
8070
7246
3852
983
1248
7374
5056
8643
8802
6990
7853
5891
2794
9670
3213
1920
4451
7556
2610
4739
3314
9004
7698
4123
3980
2367
2535
5992
5842
8814
9145
1211
7309
9037
1508
8191
3168
2453
1903
5428
7780
7786
5233
2219
4059
3024
6921
9978
5706
1089
7827
4616
5226
7777
1710
7089
8426
1494
4965
704
608
1903
7633
3843
7551
4435
333
9630
5867
7725
5562
356
5340
4343
7560
9983
5775
9925
9989
4066
3026
6234
8950
4262
9244
7575
1162
4631
3694
6038
5981
3182
3842
9278
4252
4480
9322
6666
6706
3377
8307
6801
5135
8918
3656
9007
5347
1096
3629
690
263
1561
7817
5145
4457
8412
4562
6855
9314
8160
6290
9249
5703
9918
3679
2194
6041
5705
2055
7662
3687
1734
1028
6178
5601
8653
8350
325
321
7239
9498
3547
8854
2456
1736
6606
1333
7152
5653
6855
1601
1336
456
8818
6864
5673
296
6659
5086
8638
7391
6693
1114
2559
3595
5281
217
316
7125
4795
750
2328
8420
9026
4177
2449
3976
2681
9221
4519
6151
3085
3733
7986
4220
778
3396
1188
292
4515
2308
8182
5858
9977
9023
193
615
8939
1286
3880
2804
8188
5048
6572
2861
9943
5961
836
6810
7585
5370
1369
7999
2757
2709
5507
2468
7681
4780
7295
2059
1896
8594
7250
8795
8423
9425
4223
8531
894
4908
5839
8839
4280
3270
1823
9750
8926
2089
4068
3940
356
8850
8956
443
7486
5925
7461
3000
2460
4231
1605
3894
7781
6160
834
1071
6628
7118
4227
3963
3060
1740
9105
80
2532
629
9541
3059
151
9071
258
7227
3910
780
8623
6212
3790
7216
2163
9212
2994
4254
2804
631
9113
8705
9054
5157
8878
9841
5355
5208
9359
4520
5234
3724
8238
6751
5655
3717
8957
5186
5365
5227
8653
8560
5097
9460
9826
2429
9225
1158
4635
7143
1432
8154
9095
1421
4676
643
1046
7420
3573
3837
8736
9158
6751
9950
5042
3207
2760
1438
2105
4693
2280
2271
5730
7614
3893
3662
7181
8958
8824
207
9411
5538
5380
6427
4605
3184
1504
9223
1135
9991
1236
3373
385
9316
5457
8919
3551
2159
5455
7814
3544
4032
1922
9175
3419
3157
1659
5040
4904
6353
1002
8695
8240
8335
6384
9758
1908
7253
4363
3191
65
8842
4630
7052
5467
7870
6459
1450
2391
3075
4555
7593
4878
9473
7106
5688
3389
107
4006
25
8227
2153
8714
211
3017
5089
7585
4918
5691
2278
1065
9209
3599
2030
5268
982
8110
2222
5749
9491
755
8780
3491
8412
3085
1916
1432
7119
4971
2044
8125
5862
6593
2930
8666
9580
6259
6162
3316
9623
578
5561
1187
6040
2869
8631
2061
2979
6433
1735
2051
1044
7704
1487
835
8959
3031
52
7405
662
4497
7060
1502
5611
8499
7175
2205
269
6901
1040
5792
8433
6085
2678
7489
1326
8079
4531
8869
7545
7752
5800
2390
5025
4407
8390
9880
5355
2568
2324
9897
6799
4059
3454
1459
9560
2845
1005
8741
8751
8250
4426
8575
7942
6273
9547
3625
6157
7946
5388
5401
561
3766
5370
7236
9444
8436
9959
1992
6047
7429
2276
8253
8667
5358
1118
105
7554
9768
928
6606
4882
3329
1120
4435
9713
4992
8188
4636
2525
6978
1799
5960
6720
1017
6463
1516
4026
7590
8984
8109
4217
6211
3812
5255
2113
2993
2057
5985
2824
1358
9495
6322
2057
1768
4750
9185
779
2368
9589
8505
4267
914
1542
3492
5241
9292
2296
5783
5750
3654
9727
1533
4570
8122
4122
8009
4789
7832
4001
2288
7336
8837
3856
6046
2460
1358
1026
4926
3167
4638
7303
6358
6082
7845
9717
2299
5288
2836
2358
595
8620
8233
3617
3588
8140
6964
4345
3921
3935
7494
7277
5735
7416
8853
1289
3250
7203
8323
2262
1229
8344
2290
1588
2245
5718
8223
880
708
3660
1780
8073
3415
9844
6732
3642
2195
9215
6798
2880
1729
4229
9554
5020
1586
8767
741
9536
5476
1991
1055
6364
9727
9577
1162
1034
588
3221
4725
9758
2921
3275
2344
5544
4949
2791
307
9996
6142
7210
6866
476
3968
7848
6568
3083
7968
8128
9574
3738
2343
3531
7576
8096
1134
9121
62
466
8062
3099
2227
7706
3470
8406
8812
7117
1143
2660
2232
7908
6016
7742
5830
5017
7016
1620
8601
4246
2209
495
1868
8324
3472
2827
9252
8821
1527
2462
3107
5553
4918
4193
772
773
936
6857
1178
4497
6948
1450
773
2940
8768
6968
9011
8425
7674
2918
1963
4481
7659
7685
8646
5294
3077
9840
1458
5702
8421
1629
795
5964
7588
1032
8465
1767
2374
8476
6544
6190
8343
6181
790
7056
9305
9235
8422
7284
3439
3529
6734
4153
9190
880
2519
9152
5647
6106
263
6732
4562
314
4658
4610
9941
3560
2298
9945
64
4632
7038
7600
6094
9637
8677
7628
8159
4302
7596
9193
413
5507
8392
7570
2501
2950
3829
6064
7432
3891
1721
1227
3018
1070
7373
1647
906
7661
3554
5566
9262
7185
4860
1422
1466
4920
7759
696
9341
6913
1952
1484
1438
2554
1799
9114
6507
5057
6636
6476
4958
7700
9658
6719
5173
5030
1842
5334
769
1840
1595
4241
9056
2543
4363
7252
7066
5091
3231
3229
4869
5163
6063
7001
8787
1198
167
6855
8968
6492
2870
701
3594
9526
7445
6836
6124
9889
6626
910
5924
1164
2122
5942
5295
4527
7668
5853
1213
4176
445
904
9490
8590
1152
9046
203
1559
5790
8095
655
9709
7752
2343
3994
7907
3185
5150
2494
6484
3158
8811
5076
5378
9601
6507
2822
3492
7816
4434
3015
4172
5534
7728
6535
8080
422
7710
8458
1876
8633
3170
2025
7183
542
2868
5152
2007
3918
1182
6901
2238
6252
1854
4067
2885
3132
3973
1089
277
6381
2144
8408
4609
48
6146
1834
6072
7609
2417
357
8826
7779
4876
9757
6962
893
7898
2805
4363
6797
6592
8799
9215
5513
5450
4335
701
6071
1706
6819
6286
6485
1968
8123
6053
3655
9569
2054
6924
3772
3245
1114
2061
758
7760
424
3871
4130
9959
3557
5385
8277
2679
7166
4150
2198
8270
7773
4986
7610
6453
9666
7572
691
1457
1835
373
5039
4297
4410
6396
7151
6763
6134
5880
2188
7334
7923
1710
7046
9048
3845
815
8089
9314
333
4537
2121
6702
4030
3772
3179
5968
7609
22
2339
6613
4065
6309
5518
9057
555
8982
1572
2728
8230
1917
9254
2334
3954
3478
3243
2446
9383
2533
2267
7430
3960
2806
2910
7278
3044
3350
6911
2162
7198
2935
9808
5884
6653
8566
9345
1306
7566
2007
3143
3103
8718
8073
7133
7485
1723
2859
5417
1578
4085
400
8282
8298
2150
5909
1560
3953
1859
9392
889
9657
4177
7214
9528
4497
3196
1535
4679
2235
5376
3691
6643
7256
9801
3682
1959
6830
7267
6676
9118
8247
1703
1799
4638
1211
5622
5131
1219
3352
6487
6500
6111
8676
9358
2205
929
3022
5418
1918
8653
6316
6956
183
2685
5136
7108
9940
9416
4466
459
6011
3078
7479
645
2549
7369
1317
4168
859
2439
3557
6645
2077
5940
9470
3718
1229
4342
8026
2104
869
3629
1800
5114
8681
3206
1441
7387
8325
2694
6734
3027
100
3927
8842
8912
1119
6483
9707
335
8614
1192
5334
7273
6257
993
8013
4168
2984
9198
7794
1390
680
4885
299
6967
2142
4397
2112
7147
7357
9672
8699
4680
2139
3614
4985
5333
8407
2947
6453
9504
607
3847
1775
3199
6846
6988
2564
349
2027
2146
8940
1765
2960
4018
2309
1782
4921
4413
8720
9723
3575
9716
5647
2784
4154
8054
2647
7036
3321
532
7186
2265
6651
4101
8599
8805
9727
5235
1306
3360
75
7253
4275
7068
6836
2034
9502
266
9079
8707
4308
3615
4752
6337
2706
9343
4025
2214
5928
8977
1550
3024
3923
8992
1353
2374
679
7878
1697
5045
5616
522
9433
1027
6822
4731
3509
5166
2285
7071
8392
110
688
7092
6322
8883
4508
4986
4239
913
2785
7725
2722
4292
6805
3030
4397
8590
8929
2858
1469
4360
2662
5213
9216
7955
2585
4809
822
1324
9885
1857
9445
9163
5492
6573
2852
537
9361
4135
3626
343
3200
5519
4575
4294
4099
3353
5956
1866
1506
9608
4009
6311
3032
2129
9424
2453
3760
1028
1268
6214
85
217
9051
3392
2103
510
7441
2029
8548
8637
3411
8031
1268
901
533
8671
1590
798
2338
4998
5259
1115
9094
7984
5562
7558
5784
2102
9159
8961
2599
2098
6628
9265
901
3134
1157
6402
3882
1574
2321
7039
4698
1219
5083
3885
8174
9271
2330
4055
7846
5475
2452
9143
7088
5126
2381
864
8876
6398
4365
454
5825
7703
4040
4814
3487
9874
9453
3914
8760
77
8364
2482
4464
1573
5258
278
2285
6599
2751
7190
1432
3783
1990
1464
77
8538
562
5096
2811
6827
4514
9965
1074
4999
4891
2451
1097
2996
738
3367
2651
2007
7795
1540
4139
24
2678
9656
1278
3353
6190
9653
7903
8737
181
4236
8197
5799
6905
542
6840
6348
3679
4970
7954
2896
5761
5296
2609
1932
4433
5686
1076
4959
1074
1521
2655
812
359
533
1237
7870
9309
3623
7236
7801
2052
7542
5867
5052
6597
5104
4531
2671
3495
907
5046
9734
1706
7586
2107
4024
2344
5310
2819
3634
5809
5077
4208
8580
5699
7641
6990
7556
7701
1353
9754
4616
9487
1171
323
8544
3076
5114
5742
4625
5463
1895
5225
2092
889
4093
1889
4234
8185
5076
9141
6458
83
2109
4124
233
1676
1052
9161
8413
4141
4098
5944
5037
8205
5547
3911
443
5402
5277
4234
6972
262
3662
9799
292
2957
1880
1807
3124
2360
5311
5540
687
40
9695
3241
5764
3659
4024
1867
1056
3649
5779
3449
7631
524
0
1838
6218
471
5844
1797
4966
5236
149
1598
3278
898
3777
1344
5841
9401
6681
9196
540
6764
3911
4883
3695
5704
1751
6086
1468
5681
6579
1583
9593
5765
6246
2923
6217
5917
731
9928
7691
3575
2100
7489
8727
984
6750
3011
8168
1280
5695
9154
9312
7083
9236
3837
931
1881
8908
6510
6192
5336
2772
9374
8647
2244
9956
222
9267
9034
8672
8529
3077
7221
6505
9938
5060
2439
6974
1563
3126
7464
1835
5340
4994
1652
2741
9310
2602
6470
3871
8380
6263
8843
7747
9371
2573
5514
7870
512
7221
5499
7258
1234
7538
7114
214
533
7751
9276
2087
9668
9153
358
783
4539
7011
1025
5532
1443
2114
6860
3420
7832
5320
2872
3844
9066
9980
187
2061
2725
9745
8335
8078
5064
4498
5258
9949
1041
9624
9727
9459
6166
9614
4667
8854
4228
684
4939
1001
9879
2522
3157
4325
4067
1827
3769
2591
3784
7821
564
8885
7775
7578
5896
6423
6882
8141
1463
6388
5375
636
9917
1404
3404
4297
2299
2018
6211
9565
6514
3034
7742
2708
3689
1466
2644
5170
946
2370
3151
3016
2323
254
1906
5577
5834
331
5377
1897
151
7431
8835
5809
4574
1366
9289
6569
4651
9216
6819
4071
9936
4087
6790
9997
9228
7803
9009
5370
3068
2229
5745
5599
7631
6037
781
4841
8401
1655
6377
404
7201
5095
9677
9855
1355
8590
5287
5097
7124
1596
5513
442
1620
3352
8001
9755
8408
6093
8788
4529
3477
2571
7311
7910
9651
2317
3264
421
5396
4038
5302
5424
2697
3112
3542
9196
7930
7174
9847
5490
2014
8001
7129
350
8941
2900
5259
4815
73
5108
3291
5689
4932
7211
1636
1789
5646
9188
3271
6119
4374
3413
8669
6350
5802
7486
501
6898
2139
9524
2527
9744
7158
6948
813
6921
8504
3386
5870
2236
9938
6685
56
5955
9786
5387
6
7791
3227
6117
954
6033
1280
7907
4222
1879
2090
7389
263
8464
4551
9763
3782
6271
6374
2961
3852
9440
8491
7733
6628
3117
430
8215
5855
4009
132
6240
1556
9461
2850
2834
5776
2894
6810
6921
6326
7954
4380
9062
4383
6461
2116
6692
3188
8192
4885
4688
2344
9783
8062
9034
7412
3686
796
7576
6942
2975
2220
6196
921
8645
3272
394
4608
7045
8538
4431
158
8309
469
8968
3321
8430
608
9690
3837
5673
3789
666
2045
6757
5633
5520
5896
9706
2070
5832
2648
5584
40
4759
1348
7968
5036
9609
7854
1624
4242
8113
2523
5871
1677
9089
1624
1310
1264
7236
1194
1169
874
7036
288
6674
6612
3128
8824
8597
6827
5971
1808
5038
6338
7618
1305
5348
5672
1458
9469
9026
8024
4429
5128
7484
3972
3472
1534
6560
6027
7204
8221
1638
3187
7457
4970
2718
9957
4741
6382
5306
2710
9583
2549
2496
7390
1104
6254
413
8487
5153
8015
144
5043
9270
7590
9692
975
4341
6169
1973
494
4727
1331
2549
7972
4835
2642
6702
5998
1447
5597
8575
4119
9580
5537
1315
965
112
5902
1
545
2616
2202
4573
7017
1947
6825
1279
61
221
5246
2321
9028
7146
979
7500
3309
1615
7547
7598
8245
1384
5865
5132
1220
8443
6020
3297
2282
7456
8439
2314
8909
3966
4390
5567
2678
7479
474
2527
5049
9673
9202
9083
6254
9561
8686
6119
1883
9618
857
4698
180
4573
722
3974
4739
2039
4732
5727
5730
3578
8912
8082
5873
7911
9845
6135
363
8983
9922
5991
7761
4287
2495
2191
8453
1673
7543
9835
9743
3744
5064
2150
5312
4814
7116
7149
9163
7020
6186
6476
9872
1620
7080
6276
8707
267
3573
946
4647
218
8166
8479
7081
9105
1698
1787
8405
8600
6455
3992
8750
5085
5510
5215
6977
3237
6416
8014
1422
5535
4215
3117
6066
4858
5236
1284
8340
6398
2095
5246
2969
7863
9921
9409
2317
6414
6075
4358
7134
6823
179
4567
699
884
9045
8031
1835
6284
7704
1477
7677
7183
4249
6971
1193
3995
8488
735
9256
7621
3409
8101
4525
1760
4678
2531
7961
8671
1900
8465
5734
4227
1151
6632
3950
4571
8659
8309
9046
3080
447
1928
9265
8041
6923
172
7681
833
1853
4912
3861
5739
2530
5801
4858
234
8074
1924
899
9789
1005
6248
1141
4178
2483
4312
1747
8037
9010
1016
8460
1050
1718
9959
3390
1106
8146
5690
4424
8764
6080
2680
9224
3506
4761
8653
3587
1207
4556
7831
2336
7449
4500
3503
5025
6323
3996
6609
9201
1387
1826
9490
9800
8551
7810
262
5921
8283
3610
1055
3697
6620
1611
2924
9007
4340
7617
7677
1263
8711
5919
3102
602
9045
2328
2380
9750
3658
4939
8989
7415
1528
6921
8444
3184
8000
8215
477
8134
8066
7640
7900
478
1728
2331
5567
8115
523
1693
8135
168
6111
2748
464
8201
6996
288
9911
5555
6076
4117
2180
2962
7705
2634
1245
8788
1698
3838
5932
2686
2257
1519
1167
6078
1508
8713
1163
2447
9057
1475
2872
7407
2333
5293
4387
9157
2329
9777
7578
8984
1707
8067
572
4882
9310
6798
2295
164
9779
6126
198
9768
6076
8131
6516
4508
3296
7661
445
3768
6830
6250
3591
3061
1902
1974
861
753
8723
3736
3667
6069
1473
6690
1191
6516
5119
9256
4736
9921
2983
4580
1149
674
74
8908
2574
8902
5359
6550
6429
1149
3949
1394
6138
6039
1028
2208
2834
5108
8526
3452
8373
9234
933
65
2653
119
3999
4513
5148
6764
7522
186
911
1016
434
7202
7566
5766
4405
3982
7508
2797
452
2215
8334
7863
1216
6593
9308
7371
1345
3907
1332
4229
334
8560
1771
7661
122
1881
1296
5286
5542
4673
3650
4999
6875
1579
6536
78
7304
8872
6163
1911
1078
5090
2151
469
7058
1119
3271
9522
6668
6991
7646
8320
1302
8457
3919
9007
5355
5844
8454
3623
3451
9290
5409
5840
6787
1215
9398
3393
9756
3436
3118
4972
9852
7130
5716
267
1535
9215
6176
380
367
6502
5408
2582
7586
5587
1835
9912
6765
2512
9890
2916
9212
6793
699
1545
4833
8593
7085
5926
1123
3677
701
4820
6768
9413
1086
8110
8116
4275
7546
8153
6408
3822
9337
7645
3434
2855
2689
7649
5399
882
7176
3631
320
2679
8561
732
6004
2364
8514
1281
9333
5187
2008
8173
2367
4038
6752
8209
6343
9918
8657
1693
6086
9293
2373
8353
7729
3115
9343
952
6488
6396
4073
5280
1969
8872
9377
2778
1580
8513
9202
1191
1493
817
1838
2776
5915
7503
5037
93
7286
868
9672
9934
9574
6627
5384
8200
657
8455
9547
5013
1921
5412
876
3588
673
6241
4014
8745
9105
6446
6185
4676
8333
2779
741
3761
4964
2556
1327
3540
7556
1479
954
5571
2296
918
3237
5335
3031
9082
8508
8916
5722
8479
2833
8558
4526
4002
8424
5397
2234
4277
3707
5253
2123
5170
2807
527
4593
1586
9396
6860
5567
9945
3787
8760
8468
1286
5818
2154
5683
6106
2627
1778
2718
2361
3542
1121
9047
8742
8172
1781
8573
1281
2189
5308
8191
3914
1944
3446
791
4488
8664
7006
7618
4573
3231
418
5688
7828
7838
2368
1588
4240
6825
3598
4004
8520
1296
8737
2605
5803
1530
1224
4036
2960
9327
9966
1794
613
5966
4889
7775
3022
9921
1344
3224
3338
8456
2550
4893
9208
3630
141
761
1451
4683
7214
5112
99
4391
9420
3983
3189
5971
6345
6922
910
5972
6699
4533
6543
6919
1453
6179
3362
8708
6181
1334
204
2874
8293
2954
2857
5462
7323
3816
7086
9477
8595
3759
7693
2249
4649
4083
7789
8524
3965
3906
9850
2467
2394
1081
764
8805
9371
3028
2254
6659
2451
6150
4066
778
8026
9547
9770
986
623
6502
8674
5884
1213
1475
7831
177
4551
3922
4077
4961
7916
2248
9386
9534
6925
4972
9743
2039
5524
5144
4709
1829
2447
134
8644
3794
361
6626
3867
1478
1863
1741
1620
4423
9826
6672
6653
8311
9971
1802
5846
6571
5470
4258
8888
9941
2243
6957
976
197
8404
2809
2119
4447
5199
3998
8429
2594
3928
3270
6371
795
9701
8954
1800
5635
438
5425
8984
5427
5328
8555
3179
6036
5726
2129
4780
5612
8916
4493
122
6634
5333
5891
7261
6288
2044
6165
2239
9887
1534
6597
95
835
1011
3392
3381
1465
1255
8673
8224
9777
5101
1566
45
65
7785
1801
2429
1501
9700
609
3414
2726
4959
9901
9068
8820
2772
4028
5826
5712
8111
9347
6764
8801
1906
6864
2484
6941
3638
2769
7899
6390
4875
2841
6770
3767
9628
7012
291
9432
2448
2225
6196
9483
1041
2013
4870
4900
6599
1162
3756
8307
2386
7123
7380
8016
6281
8976
9359
271
4106
6017
9120
16
6707
9565
1090
4724
5589
6697
8297
1972
2501
2109
9819
7394
5454
1976
6359
8180
5517
9567
232
4641
3692
7792
4337
4801
9135
6896
8252
5427
6263
9636
8807
5434
4877
5804
9163
2778
6058
7294
3220
4969
7898
7536
7789
9708
9590
1961
4121
9843
6777
1792
5355
4951
7414
1137
9803
3531
8009
5177
6226
1659
4235
6524
2347
7653
5435
7177
3995
5432
2848
12
7314
7871
5668
7456
1335
1976
7231
8458
8678
1125
8137
1677
5252
1505
8390
9935
6815
5872
8967
6703
6861
2319
2158
9785
5193
9374
4927
5531
5241
6783
4972
3176
1101
8077
3173
5922
5965
7066
7932
3375
6454
651
5117
8615
3517
673
9359
2419
8905
588
2755
1390
9747
8019
2001
8560
4100
9782
4541
4778
1928
7529
1353
1062
4776
2588
930
6572
3885
8589
4894
1856
308
4493
6676
4981
8929
1790
6329
5058
2299
8463
8039
1690
7219
374
2496
9924
3634
6471
3221
9197
7206
8245
3711
1734
5685
3410
3104
6710
4123
9193
2305
8741
9460
7868
9253
2359
1680
3674
5928
6903
2998
5024
3957
6227
9853
1318
8284
7166
489
5273
5205
2912
9720
4708
7645
7875
6838
7623
6272
3736
754
7045
6902
9394
2526
6622
806
1825
8511
6503
8096
743
2284
8186
2548
1011
8431
8040
9015
5268
1520
3511
1461
6678
9479
3310
6713
8609
1365
2714
2673
2218
120
7854
1941
6408
4189
3707
5531
6021
9096
4533
4885
410
6586
2290
2781
3728
7578
2592
3329
2424
1361
6923
4619
3475
2924
2347
426
9419
725
3239
6420
4685
3474
2055
178
7283
7847
44
8185
9214
7316
290
9440
909
273
197
4500
1725
1924
2497
7471
8118
3812
5943
5382
3354
1802
9238
5126
6737
3120
1023
9837
2969
2567
1341
1223
1591
3335
4506
3174
3504
9145
2183
5244
1461
7509
2984
9041
1181
6223
8660
7689
5474
4473
1692
2038
390
6381
9755
5666
7368
7051
873
9698
7120
4203
9623
604
138
3291
5948
4792
1793
6786
4311
9496
2626
6188
5519
6724
2659
2785
6301
9257
5639
5976
7406
1202
6979
9176
1606
6126
6645
6987
8879
6062
68
3760
2187
4306
9156
473
26
7083
2176
6809
8453
7187
2639
7229
5336
4116
5841
7996
622
6307
4660
4156
4048
8749
5184
329
6
5195
7560
2487
9047
3339
954
6983
2670
1236
7581
4340
5817
6785
2895
627
7724
2520
9974
5665
5121
334
3833
9840
2508
8193
939
7855
61
3413
1421
5013
2387
2062
9791
8135
1907
3182
1615
6486
141
2792
1505
3045
8243
4086
218
3630
6662
2469
4222
1841
4274
7458
653
3606
41
3575
3751
4242
1097
5340
4778
8951
3440
4734
3950
544
7666
4313
7657
5860
2811
7024
1880
2731
3766
9417
6269
3608
4835
875
4207
1411
9252
4511
9216
2574
7935
7429
9543
6118
2901
6502
4920
4608
928
6643
9646
6073
9279
4936
3916
8818
1970
9592
6034
9226
7712
5186
7160
3495
9107
325
5534
6115
1861
7942
879
5752
5386
5920
5485
8516
2313
4108
7394
901
8639
8766
1704
3714
788
2694
7625
5325
892
7724
1021
7339
1570
4304
8054
4166
9581
9805
6538
4408
6148
8839
3778
9981
5564
6229
256
5561
9601
3539
1790
2349
2666
179
6342
5689
5235
7248
2346
2909
8828
8625
7695
6962
8349
9443
5176
7986
5477
1887
1655
3935
1993
7463
675
6278
639
526
6717
7083
9932
8668
5529
46
5346
5112
4118
5250
3164
7023
8479
290
718
125
5954
1425
9081
924
675
8898
8312
2381
1174
590
7217
7941
8814
3473
4561
517
4415
4684
3434
1848
2743
8545
2457
4228
3239
3617
8676
7487
6181
3868
6597
5263
1957
8761
1137
465
7628
2869
9456
6304
9245
624
1116
5199
5311
2093
5267
2513
9748
5552
1007
5291
3764
5609
9981
7986
2936
8890
1017
1902
6069
5281
1483
5212
9960
8222
2389
3825
6995
3114
7855
931
3062
8910
3499
1654
3598
4292
1347
7390
1038
46
2118
5031
9731
708
774
2420
2616
1210
6127
4126
7171
9792
6265
5736
3366
3435
76
1605
6597
6281
6023
9129
3162
9416
89
5040
3633
113
8393
4862
7429
8602
4618
9283
2324
2439
559
7417
680
8020
7423
1779
3435
7556
9499
6306
7823
4263
9039
4185
7013
1060
4295
9541
5088
35
1754
1365
1366
2073
7791
4665
8064
1326
3279
9735
6009
7769
51
9295
2201
821
3599
2822
1370
7410
363
9444
4644
6105
4064
6510
3165
4664
5824
6157
1679
7201
6618
4595
2689
4012
4309
1874
2372
6708
1607
2031
5362
8205
6142
5414
6094
9750
1963
1838
2676
4596
370
8977
8350
5016
7887
7998
7094
3212
254
7622
1376
1251
1552
427
7742
5149
3791
4200
1682
1780
9642
9010
9809
6005
2349
4494
9776
6641
6242
7675
8259
7203
3848
4596
1442
3541
2534
3383
4428
8209
2035
3216
3744
7881
9112
3317
8164
7507
7304
2467
1623
9570
2199
6149
7533
8080
7260
704
9294
5005
9235
6300
9186
1364
1595
932
4914
7295
905
6172
6233
4169
6739
2250
2355
3374
5076
8259
2142
3488
203
667
3425
3696
7034
5640
4006
1968
2306
6778
3446
373
936
5495
2644
4325
2640
3966
1968
3785
6412
1952
6918
3367
5895
2079
7584
4431
4116
1300
936
1952
3535
9479
7215
5463
7858
2997
9704
3272
2611
9533
5537
2371
9166
424
4188
2596
4872
2366
178
766
3987
1384
4802
4374
6435
2488
5776
7199
6698
5903
7124
9503
8622
7504
6411
7527
7754
8417
4490
732
6338
6598
839
5269
6076
7514
869
4315
7389
7624
1295
2880
1913
8471
365
8399
8709
7061
6675
7567
7971
6372
7684
5249
4016
6691
7615
9676
8141
4282
9803
4254
285
168
9553
4300
402
7955
9396
392
7605
6287
9145
3713
1710
6088
7490
1218
8464
6131
3273
4503
1491
3694
4723
4125
8796
9895
7845
1489
3737
5096
1648
9988
1237
6502
7866
7633
9004
5731
5453
1326
7805
1561
4610
3004
6824
2814
1436
8353
3484
5240
2350
3698
721
65
4761
8910
3279
5882
9415
1712
2904
2430
6157
1341
4457
115
4812
2546
8855
8781
8916
7436
9318
6006
3034
8740
5768
7838
2233
1791
7275
6662
8539
1728
8954
7903
7804
3829
2866
7652
8974
2716
2978
8756
7203
5572
2604
8055
8166
8536
2174
6484
4772
9704
4519
5506
9560
8457
9742
4836
9257
9333
7964
4172
4222
3035
933
6897
8266
4061
6350
5472
4747
5934
332
7616
2309
2771
2800
2694
9379
2538
3145
1817
9949
6684
7449
3465
3060
1988
3121
6782
4800
3320
6359
7214
4468
1932
2526
1927
135
9844
5915
5833
1371
4645
8127
1194
9294
8978
6764
7723
4338
4886
2057
7071
2902
8264
3900
4276
7941
9438
2739
9423
6813
8455
2748
6073
5144
1504
3139
3057
3460
2746
1408
4307
1248
9702
2786
1518
1885
3344
9979
4756
2984
5938
1873
4657
5570
8532
3565
7172
4809
1127
6733
2803
4824
8833
3887
5148
8951
7255
6827
2627
4079
9633
5357
7106
1192
9922
9122
22
4921
7993
5597
9363
4165
7546
8159
2632
2191
5612
2191
738
2426
7322
2557
9757
1529
2860
349
3503
8960
7775
3621
1214
6607
9280
4716
934
323
4817
1830
1379
9705
8995
8134
4211
4925
5712
3740
8690
5136
2338
1250
9111
2663
8115
3130
8975
3684
6750
4991
745
6152
4310
8604
5933
4976
6647
768
9461
9424
9515
1931
3400
9602
2338
5292
8139
1410
5177
1148
2764
441
2136
2752
2537
1286
8055
4918
982
2063
3522
3829
6450
6902
7670
9957
9305
3972
2138
7163
2438
3711
3933
9205
7499
9380
1492
1387
4721
4708
9062
854
247
3848
3029
1238
607
4134
4535
9333
5676
2539
9913
3926
3020
6036
7199
4695
6312
2
1738
8994
8966
783
3790
9043
2571
849
5658
3787
9735
5193
541
9762
6058
6637
8527
4742
5723
3999
3704
8258
8580
8378
7173
3371
9
9019
4025
8219
4769
3587
9054
1015
8694
1323
7067
6618
7672
1797
8927
9856
5422
1419
1358
4534
2172
4472
9986
3908
3343
5845
6915
9509
1533
7050
9092
327
5402
4261
1345
5544
8873
5780
5908
3796
6151
8923
7781
5537
6873
4810
2355
3747
6131
279
3785
4272
5216
6076
8663
7669
9925
5585
3142
5396
56
9939
9296
2518
831
2400
4494
3119
804
1179
2049
3197
6583
3258
4259
6815
2285
6861
2577
5598
4407
519
6359
3458
2692
644
3401
1414
5906
2272
8243
6896
9480
6850
1927
1528
688
6430
7082
7358
9813
4872
4735
7996
6328
158
7989
9826
5981
2817
6987
2462
684
8100
8968
2939
7999
5805
6728
4290
5055
2502
3044
3819
9732
5411
1765
2067
6329
4486
759
2883
5135
6594
8849
5169
9757
1864
9598
6593
7731
4923
7339
8934
9441
9126
3143
877
4931
7373
6196
5204
2631
4756
5191
4058
4942
9708
7224
2586
9130
9643
8035
7926
491
7871
47
2347
860
3510
6211
9867
6084
8
1044
7885
5676
7611
6083
3506
3328
4769
425
1718
174
1099
8079
9322
60
1661
4355
4740
7576
1170
2184
5724
2368
1058
4649
6254
4675
7205
837
6872
9116
548
8151
4344
1824
7540
939
2399
8236
9961
3168
6843
7842
8781
3752
7809
9326
5683
8170
7689
6906
9900
4711
1987
1667
1654
5915
1598
7168
3
7517
3372
6895
3634
7041
7995
7630
1541
9800
102
8300
8308
8909
9464
4699
6213
8772
1476
2936
2753
7418
2366
9373
1506
5617
6469
9071
9751
2342
9946
9370
4629
256
1685
3871
612
6037
1498
6387
4901
1210
8201
7239
5875
8320
9068
3440
78
3652
3576
942
5294
4534
7454
9461
2481
1150
1122
527
8244
2734
4541
2310
6539
1134
9589
9465
5445
180
2973
5307
7847
7669
2438
9843
9156
5258
4168
5401
8356
6146
3304
6478
118
4507
6694
4560
1597
2731
367
6729
3405
142
7480
1639
8076
3137
5268
1728
1464
2290
1968
1296
7860
5326
5628
1288
2894
2773
4380
4018
1714
2864
5427
992
8386
8623
8307
6933
6726
8079
3714
8441
4224
8906
9563
5203
9898
7726
4521
7008
8067
2478
8906
5034
2444
9251
7376
2276
2205
6862
5088
4251
675
7929
2467
528
7497
13
2502
9603
1090
7373
8901
7371
2909
2831
9607
9189
8815
4801
5384
2453
5074
2635
9862
6477
8451
431
3706
6892
5269
2820
833
7414
3718
750
7667
241
3386
9909
6887
6713
7502
2685
6281
7304
3820
6770
8942
3821
6163
3567
5382
7161
9680
1194
8969
3092
9719
9330
7571
7312
5413
8390
9565
4387
9674
6786
1153
8910
3588
315
7086
8336
3262
4057
6134
1173
1411
598
4116
6888
4900
1480
6704
2220
3707
8817
348
118
3411
691
242
7270
4167
8184
8498
997
3075
9874
7712
7553
8578
2993
413
4643
4419
5182
9079
9445
2880
8871
4689
7387
3085
9688
5588
3115
1832
6223
4197
5037
7406
1415
7374
5734
3002
8171
5186
8029
6906
8821
2847
6794
9562
6249
4146
6297
8906
5886
8435
7276
5027
1631
8372
4419
4451
9931
5590
8474
6687
6507
2883
9384
3840
3208
8052
7742
5374
2534
2557
6200
2876
8805
2140
8521
6447
5487
3692
721
7304
3868
3697
3226
7866
1634
2158
3529
9664
7883
977
635
3133
1741
1596
7012
8645
6033
739
6553
2240
7770
9142
3802
7167
7306
5751
9930
1123
513
4623
5932
5675
8942
4368
4987
5718
5624
2027
9971
3360
3655
6802
3928
4309
7099
1902
741
2071
6992
796
2882
8957
7098
7371
8629
5016
5163
8059
7263
6484
5215
6025
2280
1258
4303
324
7098
3677
2080
7546
3581
8318
9302
9184
1606
9468
4788
5740
4129
7931
6260
1601
7873
9754
6085
4935
4045
6009
5460
2765
6927
4422
7523
5295
3277
9848
586
837
6279
8242
569
3228
2649
9720
5248
9812
4261
6336
1152
4453
308
5988
9853
7854
2040
9418
4318
4385
6838
7771
1535
4639
2510
7986
5096
8208
1555
4799
1670
9007
3155
9949
5115
2239
5759
6517
4541
9520
8763
1074
6448
6566
764
7091
2579
3631
8478
4913
2816
5091
4414
7725
2768
6890
7901
2569
3657
7120
1318
3463
1826
3542
247
8235
4591
2619
3981
8768
5165
7205
2834
9854
5610
5661
8326
3233
5339
4174
8252
1381
7297
5432
2232
55
7981
6717
4854
3325
8297
3550
3588
8443
8192
3567
9246
3428
9449
8730
3195
3398
8293
3931
5887
2452
702
1264
7801
1935
5232
551
3231
1686
5427
4426
3633
1435
3572
8580
743
1406
7123
314
969
5942
7496
5875
2747
9771
9537
4209
529
8225
8232
3187
4155
948
1631
7399
7627
1755
43
1577
5364
5154
102
8507
9198
4534
8289
7099
3290
2695
8528
3999
7812
4975
8064
1342
9441
2952
3204
7826
3141
5526
8558
9417
2520
2832
2072
7863
131
6948
3445
3788
182
6476
9685
1059
6090
8719
7370
5101
9083
9570
9446
8995
8112
615
3651
5364
2820
6567
9509
5919
6108
201
9814
816
7654
2765
6970
5044
1200
6025
3423
1868
7884
5594
9284
9471
8294
818
5496
7215
9862
954
6765
713
3313
8939
4538
492
361
1803
4528
9373
3055
5112
7760
5283
7393
8444
1946
286
7703
1312
742
1284
2422
975
9787
5071
6997
9847
4919
5102
6732
9905
829
8447
9628
7856
8678
3721
671
5882
1374
1769
5495
866
2652
6446
3865
4732
5026
2984
7615
6207
3887
6840
956
6866
2403
7142
2720
4389
9267
3010
4130
3595
6338
3742
4052
2813
5359
4256
3829
5582
2496
7720
8186
3581
8701
1757
24
7589
4585
4861
2081
3077
662
6981
7236
998
521
6471
4821
233
4814
6966
804
7649
6411
2919
2443
6945
7156
906
7071
793
834
2292
5860
9392
5801
3096
1772
7857
4387
8820
1776
7273
9412
4380
2508
650
1085
7154
2529
5183
8645
5453
4599
1993
561
5802
3982
8560
713
6341
2663
5026
8807
1686
7153
6581
1249
6706
1902
3849
8746
3008
3568
7365
4580
1165
3155
6951
6401
7770
9348
9334
3028
5380
2615
8831
8333
8500
5117
6963
5451
2896
8968
5129
8246
5893
186
3998
7843
1476
6446
7880
7229
7731
740
3115
8635
9148
6560
9158
2266
7184
8919
5336
7451
6318
4657
8430
8058
3454
1891
7818
358
6652
8555
216
1986
6774
3931
4591
3955
4657
4272
6916
4020
1611
4030
7586
4473
6166
2971
297
9090
3940
920
4214
8432
343
8139
3583
3058
2937
6412
3299
6389
3991
8806
6331
9384
8072
9901
7650
9969
2671
9190
5963
9608
4244
8908
5925
798
8701
5484
7022
3246
3389
487
4485
3446
1754
8156
5924
1461
6117
4115
353
693
3384
6870
4282
2313
617
8996
8917
8233
1674
8629
9151
666
1712
2442
3776
4492
4727
1759
5578
224
983
7802
2203
3321
9674
4180
1135
5573
6357
8388
9356
9945
9144
10
6331
3293
6523
8193
9282
6670
8618
573
5162
1918
1888
6153
3840
4258
7628
8779
6302
4308
2627
5878
7820
6445
5711
2631
473
691
5646
2283
9041
5254
7762
5699
931
3178
3772
1352
4280
4185
4151
7867
3991
1395
9754
8461
7286
4980
7484
9753
5613
8647
652
2145
1478
1625
8778
4772
876
220
4638
127
9211
8640
6594
7723
2946
9732
6049
6928
2491
1762
5005
7226
7022
5299
3521
4792
7347
9650
9371
7781
7753
4883
7590
234
5381
9863
5376
2925
4388
185
8738
8422
5926
9220
7914
3363
7638
145
6129
2815
8121
5867
8351
5328
9868
2282
4358
2102
4922
7757
3815
6684
6515
2155
5702
1392
3228
6548
5231
9708
9502
9172
4619
4412
7968
3727
4273
7174
4974
3634
1826
2814
3885
4064
7878
3398
966
4472
1910
196
9945
2898
6448
1751
3920
8397
3426
7525
2686
6772
3306
4973
3573
6019
8483
5205
4509
6474
8673
5551
8322
2021
1613
7117
2227
7129
4163
4600
9173
4227
6928
5981
3408
2286
159
4890
6212
4317
3621
5627
9742
4362
992
5018
6269
8533
9126
4188
1859
7247
5081
8925
7724
2487
4363
8696
5751
760
1908
7447
4348
5582
9506
9045
1993
7383
4705
4477
3912
7334
8812
4022
3763
6414
4913
3190
9894
2734
6188
3009
9866
1843
1553
57
7021
201
9307
3130
5361
9572
4233
4
6592
4391
1723
1912
7763
8043
6314
8348
891
3499
4899
3737
7688
7709
2904
7633
8228
1928
70
9059
1896
9529
2160
6608
5328
6106
7834
2725
4919
4767
3493
4169
2443
6168
9125
4988
3471
8130
3057
9911
1312
8830
9149
4351
9480
6874
381
8082
5021
5986
6772
8210
3482
4158
3516
2624
8216
2980
4658
2006
6393
8386
8967
5280
6082
9770
9076
911
2818
379
4118
8140
1381
5624
2098
8655
3724
213
3666
4223
4717
609
1037
822
7345
2817
455
4726
4782
4569
8353
4010
8227
7544
1779
2831
7009
2161
994
2414
1544
1300
1246
3266
578
8708
3107
980
2714
5937
2801
376
5873
511
3178
5338
2185
6367
4483
9856
1652
6418
4521
9276
3966
5549
8658
3136
6595
1503
8767
5238
3070
6421
9446
1696
1917
6207
6442
6343
2413
1328
4766
884
9569
1250
4545
4774
3641
917
4975
5191
8326
161
7922
7999
2377
1900
6762
4570
7832
3048
5973
5120
4375
7222
9433
1562
7609
5584
9621
4821
7265
778
7420
5001
921
5539
9202
4597
8896
1239
8115
8996
205
9911
6371
3270
8066
8421
7312
7355
9235
8465
6514
7949
7168
9386
4508
6852
643
4816
2603
6242
2955
825
1664
7890
7581
4507
2402
3140
5537
901
979
3930
2027
7710
2508
2885
3863
4731
2055
8614
997
539
4739
7276
4038
9191
9387
5198
1598
4157
1480
6350
9999
5083
2194
3835
8714
9142
5155
7571
6495
1304
8729
7370
3289
9843
9403
4593
5396
3261
4252
9586
474
415
8133
2121
1121
6323
3527
6407
2096
1096
3907
2117
7537
9522
925
6400
7026
3209
2476
6839
364
468
8367
2127
7138
8215
9036
3826
4369
8855
9071
815
548
5841
4520
2844
2525
854
7861
3630
6475
1908
9585
7931
2937
2292
6163
5877
8487
2352
3697
25
7667
1599
5900
3731
4544
5700
7250
6753
2377
3691
6154
9763
2804
2478
3017
4389
5767
5750
9938
6085
1700
9135
7265
945
2761
8975
6983
8282
1731
279
2935
5648
5122
580
9206
2053
8322
9193
2522
265
6340
9335
2264
2878
5728
3594
6033
9061
777
9287
1686
7499
4054
1401
4043
5227
7524
5423
7849
3909
1690
2607
435
3841
9383
2805
6165
8318
4279
6308
6048
7948
9490
4569
6478
1748
6872
7628
8189
1618
9839
3103
2087
860
7950
9761
7405
3885
1554
6110
1731
7775
7044
9737
9881
6450
4061
4359
967
1683
4021
7368
2045
4958
2189
4615
3360
5835
1306
2436
1705
80
1974
8965
4266
6941
1574
5947
396
5135
7583
923
6718
1627
9816
2238
4604
6197
4752
2125
8100
7336
7508
4728
5982
4386
3411
5085
2072
8657
5305
394
9920
8436
8925
7021
5926
8493
5700
2915
2092
6496
6855
9054
5796
7789
212
7608
8831
142
7192
5497
3078
1191
7867
2256
1806
1209
2510
2665
1162
9273
8512
271
3663
5649
7583
3564
9496
1920
1732
2346
6262
4391
6029
6409
6233
9142
9785
4902
2117
2051
8257
1191
8797
7180
9025
7803
2652
708
5898
5673
3528
1916
9924
1245
3215
5405
8338
716
2036
1105
4043
6607
3268
3083
8503
8915
427
9850
5645
8511
1283
3477
9672
9354
8509
3346
129
7487
2127
5229
5200
9473
998
4413
121
7568
1270
823
1134
8048
1437
62
4252
6126
6421
9538
1106
8553
1875
105
8390
9544
8220
1040
254
4551
7394
8750
7521
4016
3891
8126
876
5684
3369
8783
5539
1214
5798
9039
5516
6459
9942
9155
8639
3924
9025
4444
404
9170
1775
1859
9566
3401
6324
8845
8864
4593
9427
3678
3130
8979
1132
7085
1713
4144
5486
5060
4265
3634
6900
2617
3893
803
7722
2676
3929
2735
5499
1896
7142
3817
4654
6813
5666
7015
520
6756
4181
9830
7818
9557
5206
1603
5727
7261
972
6687
1368
8462
7002
1676
9830
8853
3499
8751
4294
6625
8131
9298
4735
6555
6086
5060
5283
3471
7660
2788
2846
7550
5374
104
2164
2937
7207
6964
2671
7002
1420
2824
6635
2740
1620
4546
613
5418
5321
4080
2966
8071
7289
4112
2453
6241
5765
8596
5806
2667
904
5570
2535
2605
459
2376
5107
5618
4410
5520
4282
9308
1085
8187
3900
8496
7625
5241
2913
7590
9010
710
1774
4837
2049
5070
8912
1701
119
6867
9301
6790
2278
1289
1219
2076
8101
7146
7194
269
4806
9473
3406
9452
2801
8447
7090
664
1291
4357
1391
146
3437
3410
1238
1368
6769
8448
7436
5651
8844
4164
2959
4702
8145
7755
1709
4774
6245
1184
7585
5873
7892
3630
8883
3266
5925
1814
1190
9489
4064
2307
5149
4981
4107
9899
1687
9092
9994
4421
2484
1694
694
3294
4594
8039
8195
8701
748
2364
4294
3869
3414
7317
159
7554
3148
7949
1839
6109
57
8965
8028
3879
1035
2274
5454
3172
2456
8426
8350
2349
9523
6568
4925
2400
3793
191
2656
4614
3971
581
3464
7067
7810
8741
7437
1500
5520
1543
5893
494
8364
1907
4629
4914
4188
7282
3696
4912
4043
1423
545
2820
2125
5459
7378
4014
6327
4623
4670
6869
909
7568
467
4534
419
1191
9284
126
1243
367
6798
893
3096
4376
7428
4237
7780
2595
3086
555
2150
7055
5322
1948
8526
9442
4984
2178
1553
4827
8201
8334
3901
6730
2015
8902
4937
5184
8195
8
9650
640
6377
8270
4565
2230
3102
6173
2219
4328
2674
506
9184
3776
9786
4017
8630
5242
939
509
6511
8929
3861
1200
3846
7742
4586
7379
6972
158
9090
1952
8721
3893
3346
339
9953
1395
8516
599
7282
5304
129
2032
6487
8389
536
8090
6334
9840
9693
8031
2774
70
778
5175
5365
6758
4856
5117
4178
5738
46
7231
6303
7641
5741
9837
5087
7797
4961
376
1332
5008
456
4122
8216
1431
2673
9240
4684
9488
9092
1700
1904
9058
3975
9214
8996
9699
2821
6130
3027
9644
6206
5742
4940
2968
6393
4254
8207
4682
852
5474
2749
7547
7597
6621
5476
7191
8383
7543
1744
1878
5296
2679
9635
6839
211
8718
7378
9549
9695
9867
3209
192
8277
937
9363
3892
3947
4747
9840
4406
289
1343
4083
8931
4838
7978
7498
148
875
4165
6443
4323
9201
7238
608
2460
5697
2310
3713
6224
80
1220
7546
1050
5807
6780
5635
9977
6142
4519
562
3067
1681
8697
843
8454
9864
8489
7248
7891
9896
1613
5080
4096
9113
6987
3589
4220
7179
818
1224
467
1197
5761
3540
3834
4833
3327
4429
8110
863
8425
5526
3558
6688
2284
6247
2088
4536
6561
6453
3200
3095
1616
9088
1583
8728
8226
9743
2894
7138
4235
7522
298
1477
2782
3855
6826
3229
678
3519
3632
771
4247
2128
9867
8292
7829
6637
9056
1613
7497
1826
6186
2477
8132
2823
5724
2085
8217
5502
7911
3773
105
6794
5990
7287
2390
4127
4261
3321
1134
5528
3160
5603
3301
1896
9914
372
5562
5888
2336
8245
6840
7872
4416
6980
4143
7795
2742
1533
499
5873
8398
5829
3096
6929
3169
6950
679
3890
5401
352
6442
3694
3844
7190
2576
1240
2250
2343
6583
5578
6693
7950
1224
1243
257
4608
9738
2175
7078
7604
9791
4101
942
4517
3484
1616
7238
9784
5741
4047
3718
7393
6414
5458
2392
9634
7912
1356
8061
2067
2199
911
5907
5948
6854
7235
5275
6060
1989
4506
6893
7383
8264
1011
6473
1913
4909
1159
5659
9952
6750
2666
762
1088
1829
1366
956
6683
1909
2631
6161
4017
2583
5609
9845
3527
8967
9698
5522
9106
2314
320
5335
1297
9160
6147
2089
4170
4202
6191
7647
1815
833
9639
6010
211
5062
9377
529
6072
1139
2379
4925
9309
2833
424
2688
4508
2684
9015
7266
192
4512
1327
9723
3387
4675
9838
3705
3558
5951
3779
951
5622
9023
1501
6032
9151
4976
8914
8358
5528
147
828
1915
5110
9425
3732
7371
3482
3924
8219
4055
8231
8064
506
8421
9632
2190
4923
1193
3524
6229
326
3116
6162
3906
3116
182
7233
5020
482
4335
5258
8927
6157
3082
6623
7029
685
8066
3624
6563
4790
1333
8660
1656
3280
3372
7433
977
4487
6857
90
1152
7050
7965
6609
491
4904
1883
3140
7317
9888
3941
3811
1588
8812
6838
1502
6711
7025
3107
3325
3487
1401
5684
8674
8626
4133
2833
2698
6387
3072
2940
2881
9937
5233
5976
1341
7215
7308
2343
2697
223
5191
9900
8543
6810
9366
6366
6145
5637
6680
2539
5431
7697
5020
9183
7395
4995
5964
7409
4009
2612
7559
4261
2957
6174
3727
3834
8483
7027
2111
4365
3864
9796
7743
1826
8315
3551
3279
8505
1649
790
7097
5050
9162
6141
5141
5034
6453
9076
3383
8327
4416
9255
8275
7402
173
2190
4329
6937
4681
1837
6781
6183
5083
6338
5763
4263
4656
3604
6462
893
664
6303
6314
1437
8713
1296
919
7590
491
4193
174
8669
4335
1396
5413
2452
3117
1037
6509
1004
9923
4657
2461
9867
4205
8375
2323
8693
9868
5572
1642
4854
8289
8252
8033
4392
5929
480
6109
3759
3577
9227
8039
277
1121
2856
6403
7776
3185
2309
8817
58
4538
7606
7172
4161
4816
8126
6866
2477
2145
3263
1478
345
177
9447
450
8179
4312
6398
3970
512
2727
8432
5984
4821
4721
3019
2551
3993
4701
4843
1876
461
4377
2141
8020
1767
4092
1836
1912
7828
1017
5237
2846
4426
6916
5743
3252
4552
7468
6158
7846
155
4390
6900
2658
3704
2976
5167
6654
6866
6810
6543
7261
9887
3708
5425
9855
9520
1877
9230
4297
3191
8578
231
8044
3014
9850
380
8560
747
6343
7529
4210
2659
7375
6492
7293
8718
7068
2030
5791
1149
3633
5614
7329
4977
5691
539
495
9834
8088
2759
411
7320
1956
8959
8784
9553
5370
969
47
9965
4409
951
6607
1030
6571
6904
6138
2781
9836
9733
224
1081
7631
4123
3769
6667
3895
100
4909
7115
9960
8740
9255
3497
431
8195
4616
7546
8269
8285
8095
6689
2118
8305
6937
6908
68
6541
5662
9215
3755
2217
9379
6310
8646
9657
9500
9924
2850
740
2518
7512
6858
6779
8968
1744
5286
3842
9348
3199
6561
6780
1839
9851
7580
8142
5296
7912
9718
6076
5103
8083
3824
5908
2688
7952
5798
3799
386
1274
8237
7238
296
3798
5546
9952
7929
9367
8419
7768
2667
30
8126
8451
5425
192
7583
6553
8252
7645
8617
768
2809
4487
5750
8825
4915
754
9568
6755
7496
7939
7498
4398
7727
2719
3663
7848
5812
1496
4845
6703
9786
3791
3467
6925
9303
7523
2029
5875
1282
1623
1153
8381
7049
3284
9614
9541
5886
1995
9115
6189
8233
8785
7877
5302
3843
5073
8655
4151
3871
8718
8622
3087
8447
8254
2679
2147
4711
8958
2105
7167
5983
4734
2213
2545
2170
2513
9496
9912
5525
469
8896
1951
1962
6303
9723
2722
2649
1335
1317
6834
1280
4301
7695
5569
7505
8928
3927
1999
309
5142
8114
8880
4643
4069
409
790
9544
9766
6801
1170
7512
4468
837
5048
6785
2046
6813
4126
6564
7269
5155
1615
2490
7853
7246
2818
5498
4199
576
7263
2879
8573
7490
7306
7157
6056
3972
9864
9121
7467
1733
1320
2525
6287
6772
6124
5006
3588
9846
6884
4878
2971
6138
8761
8910
2382
3713
254
7993
6179
6699
2488
5240
7555
5573
3198
8249
7286
8463
6391
6729
664
1336
9858
943
9871
8419
4529
328
5774
2268
8701
3703
4799
7846
4919
9198
819
6819
6442
7740
7371
2098
7713
304
1703
3439
2361
1466
2583
6972
2345
7943
582
1577
4485
2632
2388
1550
7325
7006
9236
2070
8051
5035
3983
4164
8135
1249
2304
4776
722
3464
2473
1347
71
7518
5759
7000
7420
1612
3976
4255
1798
6675
2376
9505
1048
9124
494
5061
7270
314
4027
2753
4266
6246
5748
4760
2982
4233
3510
3357
9516
1804
6195
3834
1949
5510
8995
3892
5822
3876
8123
5831
5096
2982
4907
8627
29
3568
6072
5406
3702
7347
2753
9557
4292
3719
317
738
3517
2973
8845
6422
8653
2694
3023
981
4325
2734
3309
5163
3509
3613
5490
7643
9616
5385
6191
8250
372
4827
8926
7063
9766
3
869
3063
3960
3735
3206
186
3958
7917
7078
8612
1909
2381
3769
6704
7815
592
7188
8906
5568
2487
8560
27
1300
3421
7270
7917
4284
8332
5058
1473
9869
1623
1109
4889
5664
4963
2641
797
6037
4201
1754
1692
7367
7862
4100
2500
3418
5022
4529
1711
3128
6264
813
6569
3265
434
5025
4361
387
5828
1374
8207
6289
1773
3895
6135
9856
4280
1790
2088
1297
5561
6554
5705
5972
3351
8279
5443
8526
9980
2509
1809
4275
8464
1395
8101
8623
4109
9051
7129
831
311
4956
9481
6887
10
2052
106
6390
5449
3305
2582
6735
5834
7938
8225
1770
4434
2446
4208
3597
6580
4438
6795
8306
7282
7599
8053
4670
5342
2738
4020
2299
7847
7568
5429
8203
8343
7939
6879
4570
191
9170
3731
5929
6721
1661
8645
3921
4500
3291
4149
104
4860
7670
2909
8006
7149
9937
5085
1925
5898
4674
2525
4552
7479
6563
77
5246
7906
136
7597
6479
2303
7025
125
6246
7871
6972
2440
338
7317
46
6043
2830
1828
4048
3888
2886
1628
1172
3672
3625
631
8365
4720
3895
3529
8594
8562
4332
2630
6488
7795
775
6728
5789
8151
2362
2995
6096
5264
625
62
3436
6279
9988
5672
7976
7111
6679
1576
3587
263
6075
7614
5607
9574
8567
7521
8099
9929
717
7247
8937
4658
7112
7327
4191
9907
5439
3995
7101
7143
966
8371
755
4736
4659
7775
7099
3964
5174
7880
8396
4508
9474
2444
2851
5974
8424
4801
3249
4823
6815
3029
9351
9978
6157
8824
333
4630
6838
5005
7705
1592
3868
2178
5756
2661
5699
6191
2629
3139
313
8667
6041
536
1928
148
1544
9114
6689
4204
5753
4
4854
7021
9027
8363
6459
8079
8922
5423
4126
2053
144
4872
676
6549
1766
7264
5548
5647
84
1607
934
7532
1552
7918
6371
8766
2089
9802
9350
1461
3853
1450
9526
7426
6244
9772
4074
7254
6149
9049
5516
3253
9410
2266
98
9986
4414
9500
559
3217
4240
1980
3815
8520
528
6183
1539
3333
5125
1507
3086
592
9586
7106
6485
7588
3732
1012
8887
7489
7607
1947
351
3116
6357
1286
1807
90
540
346
9346
7319
645
7037
7332
6211
5446
306
5670
1896
609
7076
5341
8884
9515
9910
6741
9430
2310
4343
8344
7472
9434
2405
9085
3037
3504
8523
6916
8246
8947
2187
7753
8441
5944
6813
9710
5481
3721
5391
879
6601
958
2474
9530
3616
7622
3349
1184
8095
2002
756
9147
5836
9464
7276
44
6375
7341
5080
3945
5739
6609
3511
9103
4670
5457
6672
8725
1620
432
1406
5068
8159
6053
6933
8966
2419
2656
8860
1765
1689
31
8408
4874
6775
4341
9900
667
8211
3839
6713
9212
6406
796
6723
5775
3724
1325
8835
161
6892
8056
6862
518
7304
2402
1416
6283
2488
143
556
3836
9802
697
8861
5248
4943
8643
6795
9456
4644
8921
5850
6936
5977
7049
1386
5265
4076
2733
3166
1676
3039
7976
451
3774
2411
3333
7373
9072
7245
5737
3964
8257
26
1092
1817
7565
1013
5674
9128
6834
8041
9472
1964
6920
6499
7080
3307
9000
1037
2043
8648
4320
5094
8994
5925
1115
4548
7900
1555
473
377
9103
3626
6666
8355
6281
4430
3870
6955
2579
1862
4969
8748
8466
4107
857
6579
1799
7369
2698
893
2830
8773
7785
6905
7606
9192
6063
9655
989
5930
9021
3038
5502
4857
4810
1093
198
1562
7410
8050
3301
1838
4206
6118
7806
3
7833
5505
5704
8343
2378
9664
6322
6815
3885
7148
6262
222
7886
6923
2215
6779
3754
5020
8037
5905
531
1601
7324
1492
9480
3120
499
2736
3264
7842
6654
6345
3077
3424
8436
8161
3358
1638
786
5157
2595
3368
9316
6607
8223
9433
595
193
9152
7172
4143
244
7958
175
6174
572
4310
6160
7754
9107
2636
1196
9094
2140
3566
5022
2116
5990
741
9705
9707
9857
7479
2650
8521
5732
1274
2430
6325
7811
4940
8721
3093
3890
378
1489
4673
9525
9800
5506
4671
2362
6074
5008
2069
5096
7191
8599
3411
6810
5588
3945
7176
4442
147
2178
8767
6109
5587
5846
3186
1596
1503
9488
5457
1110
3899
8547
9380
626
4295
1539
2717
2016
4279
4415
989
317
1279
7179
598
8238
3096
8783
1206
4231
1996
3350
5801
8354
5451
1240
7154
4533
9861
6424
8401
3605
1951
9306
6882
6552
2224
2884
5189
906
8903
5253
5311
8640
8053
3233
972
4498
7454
4478
1291
8718
7862
2495
9041
4904
1927
861
8310
6416
4559
8269
9603
3355
3420
8592
107
5546
8405
2249
4336
2498
5120
6200
134
8470
586
934
236
9823
8757
7115
115
4671
7587
3717
7769
9312
4999
2451
2782
5759
4780
919
9477
2034
2874
800
7707
1585
2753
8143
7814
2674
2130
9372
117
7840
1960
565
409
5201
9560
4054
4508
1713
7832
9545
8017
1649
7616
8409
4007
4145
5020
8928
1154
8563
29
7109
5910
3760
3444
3492
4031
666
2908
8539
7669
7325
7509
1050
7505
1457
5591
7258
7593
3195
7392
9899
6289
6421
141
7391
9016
2505
4840
2720
5096
3128
9723
9690
9867
3401
5996
3325
2736
9671
8486
6075
5420
8026
2303
1902
6810
4272
1857
2402
8912
9459
1050
961
6382
6923
7303
355
8932
9103
711
6594
9513
3481
4653
7134
785
5945
932
4312
8257
7250
1851
8286
6863
2165
4108
6674
3550
8888
2895
3236
433
859
6762
1812
8934
77
108
6224
5021
5555
1071
5779
6803
1137
7496
392
6644
1691
5256
3480
637
41
652
7522
4119
4319
4773
2894
5969
6463
5680
7840
3722
969
8833
7024
464
2770
7557
4941
6302
3769
5088
3803
4002
2138
9053
7992
6928
3453
2378
8725
6583
1164
4534
8281
8818
1617
6924
4089
4565
5519
5028
5514
4835
9287
8716
7854
5886
1532
6165
4956
3588
4199
2307
6271
4370
5664
9929
5863
8272
5921
1544
607
428
2623
7291
8952
3508
6318
3329
1108
6087
7914
8223
2784
367
3143
6293
4116
5601
4203
7447
7743
8880
3828
1503
7124
6582
769
7992
8486
5639
5356
5901
2948
6028
4922
4155
8931
7624
3510
5877
8123
1587
1517
5557
9331
8395
8378
8699
7612
1425
2860
78
9524
8540
4063
5693
2456
8306
9721
6854
7171
7443
8376
1033
1410
5425
8479
4723
2354
4787
2727
2849
8177
3702
8003
9287
8044
3933
2977
3495
9325
3526
9485
4984
2841
3993
3031
4858
6415
4651
5917
8054
2967
5189
4833
1892
7373
6638
4077
2929
1313
5610
9754
8713
6112
4697
6819
4624
7053
8064
6741
1997
580
6198
5654
4066
8787
9787
8980
2133
9235
553
1843
3169
5131
7454
7971
2808
7849
6837
9481
4095
8106
5812
8051
4816
9854
7065
5961
9561
6585
5743
1324
3435
3028
6659
9774
4080
7592
8616
5349
157
9762
2093
1732
5184
7083
5387
627
9676
7714
5515
779
6435
9446
3056
4417
4104
530
2794
8213
7689
7969
6116
3615
1112
8232
759
8639
4141
8973
553
4936
4610
1078
2689
4046
1362
8919
9262
1854
7273
4959
805
6100
8678
9813
2287
1197
3213
605
4867
3054
7320
9624
9423
7650
56
2956
8420
1154
9197
5072
3538
7970
2094
3221
5490
8413
3184
4382
7169
8200
4287
1731
618
8217
8763
2141
7510
4244
6289
3244
1271
7644
2612
4779
8234
1864
770
2660
4299
2841
9347
966
945
1250
9968
5636
8331
7733
2396
4867
8531
4432
7346
8995
9951
2557
1322
9310
1407
9196
1204
2438
1487
498
3663
3991
9464
5233
5323
2554
6539
1916
2201
3021
8561
634
5166
1411
7721
1860
4330
5357
6561
8125
2238
7104
6269
4968
3601
4916
2571
9075
553
7211
7496
5238
1203
7331
5792
484
297
1507
3646
8893
7339
3014
8646
4610
7474
5052
1628
7139
4001
9191
9509
2751
972
220
1715
5455
1389
7065
3592
4197
6739
3030
2214
866
6974
73
1843
7052
3619
5509
632
8844
8693
6909
214
2700
6311
5383
6655
6605
7846
1707
6523
5677
6052
7993
6953
9820
1036
3001
3606
3897
3537
2747
936
923
5912
2632
2582
7854
7023
3098
8225
3142
6126
4394
7298
4162
1597
3907
8807
9647
7974
647
8569
8230
3754
8591
9786
7193
9741
672
9156
6424
4341
8924
4370
1101
8907
4836
7801
8566
6640
3002
5813
4788
7471
7846
3265
6071
7688
3573
6786
752
4720
6668
2404
8170
4386
6498
5193
5678
4197
718
2370
7147
7889
1320
6221
9452
2478
3427
8484
3915
4459
6395
3146
7456
5735
8272
4031
1429
3039
8699
5765
3508
9740
6014
4030
7993
1720
2043
1670
3762
5420
1673
8823
6217
2700
4241
2007
9106
1057
8515
4316
6828
8712
9190
3904
2224
7714
400
2741
1378
5844
452
6124
6637
3016
2337
6978
4316
1199
3564
439
1578
8017
2184
6131
9378
4168
1129
4775
3246
3598
3250
1810
4629
323
1459
2634
7028
680
3185
8126
4411
7574
385
1157
9604
3033
3857
6955
7506
6139
2357
2831
5413
5988
7564
9488
7851
1862
834
573
1153
2277
1132
9946
5353
7769
8023
2427
946
1832
56
1
694
7798
7220
9289
7179
874
8008
842
1595
6889
9134
198
6370
2577
282
3645
2766
8140
5472
1682
4495
9860
6511
9230
7227
6739
8180
6126
7481
2020
9635
8074
4225
5195
288
293
5106
6515
1866
5609
3667
9239
8666
9975
5139
9064
3514
7678
3428
4763
3240
729
910
3955
9741
3404
6515
2034
7006
5937
7405
1886
3363
4770
3252
5271
887
4358
3406
8148
7451
8361
4398
2948
572
4106
9736
1023
8235
4253
7108
1842
551
7493
1961
7059
8486
3817
8945
9228
1962
8094
8019
5026
1552
9550
2221
4283
7991
971
5218
2582
6632
1972
1648
6766
2123
7020
5668
7357
1492
1259
5687
3501
9146
7288
3625
1060
1095
3143
2516
2972
9927
6063
2768
7136
1965
7889
6490
6267
1081
3934
1621
3556
8258
1194
4754
8799
7466
3909
4691
1835
8351
9288
3211
4260
1124
8328
5157
6403
1294
56
8542
109
2140
6030
2982
2999
58
2592
8913
4161
4612
4321
2632
5881
1328
8323
6918
7480
5183
8314
1786
3237
5769
8036
8919
7345
4971
7249
8058
132
6844
9336
1163
3375
4361
2055
386
7692
3811
7482
3691
4893
8900
4339
3709
4032
4238
5005
2824
7607
1352
1981
6890
7794
9736
7424
7085
1921
7354
9779
634
4867
2044
7340
1308
8311
4354
312
7168
3673
319
1418
7233
3979
134
6589
5138
5953
753
5374
7083
4217
3850
4423
858
5871
790
7406
4226
9722
2481
6714
6448
4603
3589
2195
5439
4877
8561
4827
6377
9318
656
5037
8110
3152
7176
1974
3844
1432
4794
4474
3699
7782
7407
7543
7336
9643
5159
8923
2128
2665
4315
6869
2200
5180
3084
623
2288
767
898
2267
2918
5029
4430
9437
705
6050
4152
2287
1593
8627
266
2051
1748
3784
4049
2444
4901
3948
9478
4994
2809
5994
5185
5798
2704
4998
3831
8592
2995
149
1401
1169
1596
5016
5711
8323
71
8262
5812
7736
1210
5993
1872
5998
6960
626
2362
9888
768
995
884
2408
8823
3891
3198
2485
913
5115
3831
6208
6228
1838
995
7375
7862
9547
6212
8585
268
1473
588
5408
392
7800
4911
3864
201
2548
2140
8435
2216
8781
4621
1768
2308
3063
8214
7853
9910
6621
6058
279
2275
1651
1136
6247
8988
6108
9525
6103
5589
4262
1233
7019
2519
42
645
8927
5376
903
4110
4735
7022
679
3543
7861
6593
5634
4832
4850
6942
3868
4470
8370
4153
721
5107
4529
6951
8239
6626
7139
4833
6044
1411
9692
9222
3347
3221
8465
9567
7907
6416
5231
3400
2200
976
6577
4457
7682
6543
3156
7452
7867
570
4233
671
5418
2734
6029
6097
704
2063
9565
7901
1187
6736
520
28
7388
4519
6977
1313
9066
1216
5296
6001
4830
4813
9917
1958
2511
1618
8275
8374
727
758
4606
6590
6055
3257
2531
6847
6920
4066
1212
2117
5033
6398
7003
5946
425
4504
1382
1541
9711
1293
8967
3753
7031
1858
5695
8106
6407
4864
5094
6861
7403
1986
2144
8576
3516
4490
8815
151
9334
9307
3343
829
7990
6069
757
9442
3678
8270
5024
5775
4276
8193
7020
6428
2178
506
9169
6437
501
66
226
6745
8904
6358
5767
2830
3047
2414
4076
2816
3532
3919
7743
6563
3736
8870
7992
6215
1792
172
2661
8194
5581
3138
8935
1843
7031
8332
1239
9313
4713
737
1824
9010
9126
2540
397
1200
5532
6324
4157
4816
9331
579
3131
9518
9866
2901
4997
7908
5669
2692
3546
3353
3057
6399
3580
2447
6724
4307
2671
5224
8224
669
1974
5506
7147
6599
5880
9133
6895
2495
598
5832
6433
361
2827
737
7994
7306
4927
6397
61
2787
4659
3904
2451
4520
9448
4783
7472
3214
3001
8010
7493
4827
5576
5086
6892
4029
9497
1699
6889
5176
8216
8583
6291
8849
7884
671
2125
741
6562
6130
4780
1186
8775
4108
8298
6505
7218
5736
8708
8808
2626
3081
7720
9450
5506
3881
7126
8085
752
8429
5813
8976
7634
1316
3169
2708
8757
5993
4974
7545
1143
3192
3514
4347
3437
3180
6156
2417
8293
813
5411
9416
6154
2526
3812
6435
986
9826
4975
8709
1882
1137
9569
121
712
4766
6368
4034
7497
230
3512
9555
4695
9167
5347
4118
2191
6652
7729
1988
3006
3544
2855
5721
2521
1032
4647
9473
170
8175
1613
9189
2769
5601
8980
6293
4321
4563
7546
5555
2913
2849
9788
1409
3986
7375
2572
4938
7687
856
1776
7547
2382
8639
3402
5225
7718
8108
5554
6106
8148
6630
2609
7487
2820
938
8224
9340
8285
4738
511
4967
3735
7917
4563
374
5560
4116
7298
1267
9512
7717
8642
5993
3962
3532
4976
4949
286
2773
3354
495
6325
8833
3287
3659
2706
2596
9955
9455
8917
4027
3806
1919
418
5296
9496
4723
4555
7745
7623
7051
5286
7595
9914
1927
4928
5548
8470
433
3893
9443
9965
4962
5910
3852
9486
3708
4973
443
9943
4461
6943
1537
5445
1242
3865
787
3217
9912
6011
4463
2513
6139
1792
167
1613
7404
2550
6598
2577
6468
4604
1276
9703
1509
945
7408
777
2826
5253
4458
7710
5216
4557
4908
1497
688
8399
1177
3383
2244
6919
9612
7471
8544
9840
7700
6726
9870
6239
6706
1334
7119
6181
7171
7005
3617
990
198
8439
3396
2749
6578
5304
86
3663
7871
4584
349
2084
5629
2855
7261
2092
9919
1035
9568
7597
8387
9628
8434
8200
626
7939
625
5494
5927
8813
8695
1815
9271
9787
4753
9473
4007
2984
3553
7859
9538
8855
4303
6454
7078
8544
8387
3671
533
8957
8165
320
3932
3762
6374
9631
8123
4732
6089
3742
6047
2162
7778
2938
2893
8419
3718
9953
3007
851
893
1050
5407
2657
2322
5537
2763
5888
75
8070
4007
1276
313
3171
9033
9222
8263
7222
8291
3691
1295
436
8111
1702
8719
5141
8642
8204
8102
9304
6678
5100
7044
7072
3026
8703
2883
8303
9919
1064
98
2444
5122
4511
8981
1735
7998
3202
5367
7886
5374
6583
4013
8398
2475
8162
2325
6353
889
8576
3442
9305
2440
9202
726
4910
1862
762
3432
4293
6179
1163
8192
495
5711
4248
9809
7999
8098
105
2149
8917
5702
4272
3726
2669
7859
7660
92
584
8500
1744
6876
144
4409
6203
5708
8914
2680
4264
2097
215
2977
3262
6714
4708
7247
3171
5862
9377
5214
8876
7501
7120
2513
2679
2700
7417
7495
9989
7992
4391
2446
5250
6597
4090
5309
5305
1886
5350
9851
1434
5533
413
7248
8434
4092
6581
2115
4312
8365
3702
3362
9
3054
4509
3576
1513
1563
4206
1684
7808
7174
9656
6072
586
6324
1144
8431
4481
9862
210
9018
6201
8823
8443
4511
394
1662
1348
6802
8692
1918
9347
4199
2222
5919
1699
4529
231
2879
883
9586
9817
4476
2459
7382
7506
9191
2578
3796
2158
6836
5762
3616
5937
3076
8617
6040
79
855
5648
9838
3534
3407
8962
650
9675
2118
8079
9337
8279
1663
9872
9262
5986
2958
7925
5964
9141
2022
7514
5401
5883
9690
7649
2657
1975
3254
6115
9011
3645
9289
5586
7887
5332
6309
3333
8396
7285
5135
5935
7024
359
5309
3532
400
6758
2947
8273
2430
9050
2560
8561
8636
1237
6946
3924
3677
6562
2165
8117
4887
6674
5024
127
3095
4375
5104
6693
5770
7600
746
8074
451
9579
3704
2826
798
6040
7539
7229
5857
5907
4400
2535
9876
5954
2777
6833
349
1830
5808
6383
1150
7329
7139
8460
2967
5963
9016
636
560
2690
5897
2832
613
7826
7741
6969
9569
2678
1629
7930
3685
5116
3921
1388
6881
2750
6689
9452
7702
2890
8910
7261
7530
6510
1546
6404
8284
6347
6394
1537
226
703
3837
5032
331
5516
4799
8338
2594
8546
3410
8719
5629
8922
4733
6346
9025
4739
4231
7436
6542
9384
5647
2314
8133
1773
2471
3584
5554
5660
9851
1450
1695
3630
8090
8491
7182
2812
2119
2908
7286
3712
4064
6815
2822
2013
2377
9196
1328
4172
8204
7850
3793
2218
1763
2133
8789
6119
5188
9464
18
8951
3944
4857
36
2979
5011
1755
1628
6135
522
3405
7609
6627
4846
2670
6749
8747
9602
7083
2876
8479
8129
6076
2516
5655
1502
3470
7501
3105
2819
7722
2711
6854
119
4649
3795
1410
759
3447
1561
6266
7822
5823
4558
3378
7984
2758
2326
4795
4990
6022
1551
7464
4621
2848
7920
4556
7139
6362
9642
4102
8066
3176
2014
3038
9712
2479
1726
2201
2852
981
7524
5748
7598
3126
7292
1765
7883
8905
1155